16.3800001144409,91,-1331,15234,-37,56,-42,-477,-142,16305,-21,58,2,-493,-352,-16441,-45,-25,-1,-809,96,-16412,65,-78,-19,95,-466,16718,-239,251,562,13,0,0,0,0
16.3900001049042,31,-1239,15401,-119,-7,-59,-445,-129,16381,-59,103,-80,-517,-416,-16383,-116,-2,43,-874,128,-16496,62,16,10,132,-645,16491,-485,572,1034,12,0,0,0,0
16.4000000953674,120,-1422,15491,-309,307,-251,-389,-466,15653,-43,515,-228,-752,-22,-15997,39,-33,206,-644,149,-16848,-14,168,176,198,-834,16336,-631,911,1416,10,0,0,0,0
16.4200000762939,-69,-1294,15335,-175,572,-701,-492,-138,16262,113,719,-377,-383,-466,-16392,64,-66,430,-640,37,-16677,-134,472,240,195,-719,16824,-678,1241,1701,12,0,0,0,0
16.4300000667572,114,-1333,15315,-281,762,-794,-545,-188,16214,202,963,-449,-435,-434,-16374,116,-64,476,-759,223,-16421,-25,733,358,-21,-380,16931,-1049,1205,2221,15,0,0,0,0
16.4400000572205,183,-1337,15514,-394,1043,-1042,-407,-138,16253,170,1328,-579,-441,-545,-16388,2,-111,514,-1001,39,-16255,49,741,356,148,-966,17107,-1384,1277,3033,16,0,0,0,0
16.460000038147,-55,-1428,15404,-378,1014,-1089,-509,-196,16332,167,1469,-683,-509,-618,-16391,-62,-140,557,-751,92,-16395,3,698,600,-124,-1485,17045,-1187,1292,3241,14,0,0,0,0
16.4700000286102,-300,-1011,15351,-370,1218,-1192,-585,-4,16501,184,1558,-768,-357,-881,-16569,-98,-113,590,-1131,-271,-15959,-26,930,773,89,-1714,16717,-1176,1367,3286,11,0,0,0,0
16.4900000095367,-139,-1295,15486,-269,1237,-1213,-805,-150,16275,304,1473,-813,-323,-893,-16633,202,-64,778,-1108,-454,-15868,-187,826,653,-508,-1867,17045,-1033,1248,2970,13,0,0,0,0
16.5,-192,-1203,15563,-106,729,-1050,-570,-42,16337,175,1003,-676,-437,-766,-16512,350,-33,723,-1131,-311,-15730,-116,612,81,-504,-1997,16962,-750,776,2606,14,0,0,0,0
16.5099999904633,-346,-1270,15450,6,498,-789,-537,8,16581,113,747,-451,-469,-638,-16630,180,-4,366,-1032,-172,-15910,152,94,112,-466,-1908,17364,-581,191,2330,14,0,0,0,0
16.5199999809265,-175,-1004,15402,-243,534,-455,-503,-18,16458,64,738,-321,-493,-777,-16504,-32,-9,138,-1032,-172,-15910,152,94,112,-409,-1704,17126,-430,178,2044,15,0,0,0,0
16.539999961853,-320,-1212,15541,-236,585,-437,-835,-200,16199,12,733,-294,-454,-556,-16404,-58,0,109,-930,-144,-16071,114,71,419,-152,-2037,16899,-459,-47,1572,14,0,0,0,0
16.5499999523163,-386,-1297,15438,-201,451,-417,-808,-115,16331,21,572,-246,-438,-532,-16435,-43,10,122,-956,-235,-16066,-145,132,568,-341,-1863,17059,-616,19,860,12,0,0,0,0
16.5599999427795,-401,-1219,15493,-136,346,-445,-732,-93,16292,39,488,-243,-431,-542,-16538,24,19,188,-1019,-475,-16216,-118,241,240,-243,-2221,16781,-584,-208,476,13,0,0,0,0
16.5799999237061,-401,-1219,15493,-136,346,-445,-757,-180,16295,104,324,-182,-469,-610,-16419,29,14,154,-1151,-286,-15979,-44,217,-8,-477,-2077,17058,-389,-256,124,15,0,0,0,0
16.5900001525879,-424,-1239,15473,40,-45,-92,-713,-8,16344,89,11,-95,-421,-596,-16539,52,34,109,-925,-154,-16065,72,-126,-71,-344,-1811,17003,-143,-318,-94,17,0,0,0,0
16.6100001335144,-395,-1304,15570,-22,-23,-35,-768,-183,16195,16,-2,-57,-463,-597,-16456,56,11,51,-911,-154,-16384,117,-257,-142,-231,-1665,17041,-362,-462,-56,14,0,0,0,0
16.6200001239777,-339,-1287,15535,31,-51,-39,-747,-203,16180,58,9,-64,-458,-440,-16364,28,26,79,-820,-98,-16365,130,-81,-62,-302,-1691,16799,-550,-576,163,13,0,0,0,0
16.6300001144409,-456,-1177,15292,54,-46,-73,-674,-71,16288,48,171,-164,-586,-704,-16353,91,24,176,-724,40,-15983,108,36,42,219,-2218,16569,-358,-591,283,13,0,0,0,0
16.6500000953674,-488,-1294,15557,74,-36,-33,-784,-58,16358,101,142,-172,-445,-675,-16398,176,37,202,-939,-159,-16171,-133,57,358,-481,-1664,17107,-279,4,-167,16,0,0,0,0
16.6600000858307,-287,-1283,15376,71,-94,-19,-1015,-233,16161,90,19,-125,-543,-306,-16375,171,41,132,-909,-200,-16061,49,-47,112,-449,-1950,16990,-361,-527,240,14,0,0,0,0
16.6700000762939,-440,-1270,15410,19,-40,-66,-738,-285,16228,19,126,-147,-373,-463,-16310,75,13,108,-1056,-121,-16224,121,-255,368,-612,-1680,17133,-559,-512,479,15,0,0,0,0
16.6800000667572,-340,-1181,15331,-44,35,-86,-715,-105,16211,-52,194,-191,-588,-675,-16285,69,26,137,-832,-418,-16446,140,-208,353,264,-2406,16361,-522,-522,478,12,0,0,0,0
16.7000000476837,-484,-1336,15634,9,51,-49,-728,-131,16307,75,80,-101,-414,-646,-16385,150,30,147,-952,-282,-16365,-66,41,-9,-572,-1717,17017,-261,219,-254,14,0,0,0,0
16.710000038147,-415,-1225,15440,48,-39,-17,-794,-143,16340,42,28,-53,-326,-469,-16459,49,32,51,-877,-248,-16096,-44,109,-228,-407,-2052,16826,-152,-270,45,16,0,0,0,0
16.7200000286102,-362,-1157,15474,23,-1,-16,-704,-210,16227,25,5,-42,-359,-613,-16319,33,11,24,-813,121,-16166,119,-203,-40,-624,-1746,17178,-268,-342,272,14,0,0,0,0
16.7400000095367,-374,-1166,15346,-33,33,-38,-866,-100,16321,-111,185,-158,-568,-735,-16441,48,37,126,-869,-145,-16109,175,-149,123,-19,-2494,16464,-311,64,-272,11,0,0,0,0
16.75,-386,-1375,15477,26,3,8,-716,-115,16193,50,-25,-66,-363,-619,-16354,215,51,143,-844,-305,-16464,-23,-5,329,-426,-1551,16969,-184,555,-819,14,0,0,0,0
16.7599999904633,-399,-1242,15504,67,-82,-1,-896,-191,16284,69,-60,-44,-446,-575,-16453,89,18,54,-915,-153,-16070,-43,142,-329,-466,-2059,16852,-201,-104,6,15,0,0,0,0
16.7699999809265,-370,-1355,15479,-1,48,-1,-520,-87,16227,-90,96,-83,-566,-645,-16369,25,-2,17,-941,70,-16096,54,-45,-173,-220,-1833,16815,115,-207,390,16,0,0,0,0
16.789999961853,-473,-1307,15462,-36,110,26,-984,-17,16425,-98,108,-121,-451,-583,-16692,217,46,147,-846,-248,-16238,9,-183,351,-132,-2030,16712,-76,507,-347,14,0,0,0,0
16.7999999523163,-310,-1317,15545,20,-9,17,-832,-334,16123,19,-146,-50,-266,-304,-16310,211,46,125,-939,-234,-16305,-4,-91,160,-715,-1775,17271,-128,169,-328,11,0,0,0,0
16.8099999427795,-207,-1115,15449,47,9,10,-713,-70,16440,48,-70,-50,-429,-640,-16505,61,15,51,-696,55,-16232,55,43,-251,-594,-2144,17208,-105,-215,480,14,0,0,0,0
16.8299999237061,-256,-1178,15291,-29,100,4,-755,-290,16315,-113,171,-99,-471,-624,-16276,46,46,57,-901,66,-16189,190,-139,8,-155,-1999,16737,46,-127,388,14,0,0,0,0
16.8400001525879,-489,-1203,15335,78,-50,-4,-886,-32,16137,-38,45,-136,-631,-726,-16270,311,30,163,-930,-67,-16180,190,-139,8,-185,-1908,16423,-62,176,337,16,0,0,0,0
16.8500001430511,-374,-1516,15629,317,-178,-5,-852,-91,16656,308,-132,-95,-213,-666,-16596,335,-42,41,-805,30,-15939,-28,137,17,-1124,-1070,17936,-429,-480,512,13,0,0,0,0
16.8700001239777,-205,-1092,15360,-5,-97,-80,-800,-364,16274,94,242,-90,66,-359,-16619,-181,-18,-82,-1161,-52,-16279,204,113,-279,-51,-2204,16627,-602,-1406,1953,14,0,0,0,0
16.8800001144409,-322,-1304,15641,-135,-61,-125,-668,-153,16168,-104,176,-76,-745,-608,-16320,126,-31,-136,-702,-104,-16233,67,-243,354,-139,-2079,16930,-303,-620,1723,16,0,0,0,0
16.8900001049042,-338,-1269,15624,-136,122,-26,-630,-324,15877,-209,236,-217,-881,-350,-15437,5,95,264,-1077,-514,-16666,-9,-58,325,-41,-2094,16275,98,-69,1198,15,0,0,0,0
16.9100000858307,-344,-1098,15331,86,-183,-21,-605,67,16325,94,22,-106,-441,-707,-16433,114,29,82,-545,-50,-16030,103,64,-54,-1097,-1713,17079,-144,-603,1447,16,0,0,0,0
16.9200000762939,-205,-1160,15223,-21,2,-84,-622,-92,16294,132,152,-104,-212,-625,-16459,-21,-20,-33,-1044,299,-15998,228,39,-188,-144,-1896,16441,-375,-1415,2246,14,0,0,0,0
16.9300000667572,-378,-1437,15311,-140,129,-245,-1193,-359,16036,-17,384,-204,-238,-664,-16795,-55,-4,85,-836,-457,-16353,11,-213,625,62,-2786,16014,-919,-728,1587,14,0,0,0,0
16.9500000476837,-376,-991,14851,30,-98,-377,-449,-21,16050,135,69,-98,-535,-661,-16268,157,16,115,-576,-220,-16264,-162,140,420,-760,-2213,17243,-938,-395,1143,16,0,0,0,0
16.960000038147,-382,-1166,15267,120,108,-235,-588,99,16430,87,269,-168,-223,-242,-16891,352,1,153,-1137,-395,-15774,20,371,-257,-506,-2678,16743,-341,-412,932,15,0,0,0,0
16.9700000286102,-400,-1335,15534,-161,117,-217,-858,-229,16272,-65,197,-121,-406,-711,-16325,-14,21,24,-1025,-118,-16248,-61,-189,295,-550,-2093,16660,-38,-212,790,15,0,0,46,0
16.9900000095367,-402,-1385,15513,-3,136,-137,-1122,-55,16585,207,153,-121,-35,-404,-16930,243,-7,63,-841,-420,-16077,54,-264,222,-1045,-2378,17146,-579,-412,775,17,0,0,73,0
17,-127,-1166,15358,-30,-80,-146,-582,-116,16398,51,93,-121,-414,-780,-16444,76,7,67,-910,-17,-16408,222,165,-62,-212,-2272,16533,-419,-394,1019,16,0,0,48,0
17.0099999904633,-474,-860,14991,-51,53,-77,-572,134,16401,0,146,-126,-705,-793,-16399,180,7,94,-1061,-227,-16255,21,94,-67,-406,-2603,16337,-55,39,665,17,0,0,143,0
17.0299999713898,-415,-1353,15572,-54,5,6,-749,715,17331,-108,47,-100,-2719,-1796,-15417,190,-19,51,-640,76,-16082,-161,-174,184,162,-1863,16092,518,400,428,16,0,0,145,0
17.039999961853,-839,-1666,15959,340,163,156,-1309,-376,16649,76,236,-216,359,-165,-16831,326,99,102,-850,-478,-16081,38,-203,210,-979,-2132,16645,-29,-143,393,19,0,0,220,0
17.0599999427795,-286,-1077,15478,16,-183,-88,-596,157,16267,39,-6,-84,-535,-782,-16568,21,-25,-71,-1172,-72,-15773,228,262,-153,-312,-2307,16671,-336,-215,597,17,0,0,189,0
17.0699999332428,-370,-1186,15251,-20,127,-23,-796,-263,16330,-53,32,-66,-573,-562,-16288,121,3,-64,-1171,-236,-16059,43,15,20,-588,-2639,16556,-210,120,236,14,0,0,129,0
17.0799999237061,-495,-1395,15330,-21,51,-34,-881,-183,16124,23,33,-49,-430,-544,-16312,7,9,-50,-880,-530,-16572,-165,-135,120,-320,-2285,16393,-48,-164,148,14,0,0,265,0
17.0900001525879,-188,-1293,15499,-46,-23,-30,-906,-377,16320,34,8,-25,-431,-678,-16364,-11,-12,-53,-820,-83,-15868,202,-38,-130,-872,-2298,16935,21,114,60,19,0,0,301,0
17.1000001430511,-342,-1193,15437,-46,60,21,-829,-111,16342,-31,74,-51,-404,-569,-16357,20,4,-35,-1068,-246,-16203,172,65,30,-365,-2413,16578,52,13,47,19,0,0,298,0
17.1200001239777,-219,-1241,15480,-49,49,1,-741,-140,16258,-21,16,-27,-427,-745,-16389,18,2,-29,-821,-305,-16387,-110,-141,64,-437,-2361,16580,42,83,-8,17,0,0,309,0
17.1300001144409,-465,-1239,15525,-25,23,-20,-828,-133,16218,21,20,-31,-464,-742,-16394,13,-2,-27,-882,-365,-16252,-11,4,-59,-391,-2402,16509,-4,-24,6,17,0,0,315,1
17.1500000953674,-328,-1271,15505,-3,42,-2,-782,-184,16226,20,21,-14,-467,-753,-16378,16,-12,-44,-985,-115,-16097,210,-18,35,-491,-2430,16497,31,58,-60,18,0,0,315,0
17.1600000858307,-402,-1254,15503,-21,20,-20,-844,-155,16243,12,-9,-24,-465,-673,-16425,34,1,-21,-931,-249,-16082,-23,-49,45,-457,-2366,16619,6,91,-90,19,0,0,314,0
17.1700000762939,-340,-1210,15414,6,6,-25,-726,-140,16293,2,-13,-19,-423,-779,-16435,36,1,-26,-913,-229,-16229,-78,-33,-70,-462,-2339,16659,-9,53,-46,15,0,0,311,0
17.1800000667572,-376,-1264,15456,-8,14,-27,-750,-163,16238,-12,-11,-13,-401,-669,-16397,24,24,-48,-875,-244,-16191,67,16,47,-495,-2420,16594,-4,29,-5,17,0,0,271,0
17.1900000572205,-408,-1276,15507,-12,50,-17,-815,-153,16271,32,46,-27,-401,-620,-16424,20,6,-26,-953,-236,-16159,46,-62,78,-471,-2453,16600,23,13,-18,15,0,0,293,0
17.210000038147,-402,-1255,15464,4,44,-23,-793,-153,16328,20,19,-33,-444,-747,-16417,35,-7,-19,-987,-242,-16167,-3,-38,-22,-525,-2351,16653,1,84,-23,17,0,0,298,0
17.2200000286102,-385,-1239,15411,-7,18,-35,-799,-140,16270,18,-6,-17,-428,-741,-16446,31,4,-17,-877,-172,-16114,18,-3,-31,-496,-2436,16624,7,33,-14,13,0,0,315,1
17.2300000190735,-339,-1211,15509,-6,-4,-24,-770,-96,16284,21,9,-10,-488,-758,-16398,29,4,-34,-875,-204,-16149,13,-21,20,-466,-2419,16572,-1,19,-20,15,0,0,312,0
17.2400000095367,-350,-1236,15480,8,7,-32,-764,-168,16262,21,13,-18,-431,-740,-16381,34,7,-42,-909,-248,-16202,8,-14,54,-478,-2386,16590,3,36,-37,18,0,0,315,0
17.2599999904633,-425,-1233,15474,3,30,-20,-817,-167,16260,21,7,-26,-462,-675,-16385,27,-5,-42,-958,-251,-16158,26,-16,-5,-455,-2458,16612,-8,50,-35,16,0,0,314,0
17.2699999809265,-390,-1235,15477,3,11,-18,-784,-156,16251,11,1,-20,-454,-718,-16350,46,-16,-28,-961,-250,-16224,18,-30,-50,-471,-2389,16621,-18,28,-23,14,0,0,319,0
17.2799999713898,-344,-1218,15518,2,14,-9,-800,-170,16261,32,-5,-12,-440,-720,-16346,30,-16,-16,-851,-227,-16166,10,-51,22,-499,-2386,16596,5,20,-14,15,0,0,316,0
17.289999961853,-365,-1299,15406,-6,19,-14,-841,-141,16264,28,10,-19,-443,-676,-16348,6,-10,-28,-884,-234,-16176,46,-32,39,-478,-2438,16591,-12,8,-14,17,0,0,317,0
17.3099999427795,-357,-1249,15431,-1,26,-19,-814,-158,16339,31,16,-15,-457,-726,-16372,23,10,-36,-936,-188,-16153,33,-4,9,-496,-2374,16626,-7,15,-35,18,0,0,316,0
17.3199999332428,-382,-1270,15446,0,14,-22,-795,-123,16262,37,-11,-20,-464,-739,-16370,16,-5,-39,-929,-205,-16101,9,-12,8,-494,-2385,16582,6,26,-21,16,0,0,319,0
17.3299999237061,-368,-1238,15485,-1,21,-6,-798,-141,16374,35,0,-8,-456,-723,-16375,27,-12,-29,-910,-235,-16181,33,-43,-2,-489,-2427,16630,-16,35,-36,15,0,0,319,0
17.3500001430511,-348,-1302,15413,-10,17,-23,-801,-173,16232,33,3,-22,-418,-683,-16374,26,-1,-36,-901,-198,-16193,43,-48,9,-512,-2405,16588,1,3,-13,18,0,0,318,0
17.3600001335144,-370,-1258,15468,-11,16,-18,-787,-107,16199,23,-8,-14,-423,-694,-16406,15,1,-23,-859,-263,-16200,10,-12,20,-467,-2410,16589,-4,37,-28,16,0,0,320,0
17.3700001239777,-389,-1247,15472,-4,10,-20,-812,-165,16274,11,2,-12,-460,-724,-16410,29,-18,-35,-883,-260,-16124,-7,-9,5,-492,-2436,16646,-11,32,-28,15,0,0,315,0
17.3800001144409,-385,-1273,15478,9,8,-18,-828,-141,16263,18,4,-17,-465,-725,-16400,30,16,-39,-935,-247,-16185,25,-36,13,-478,-2448,16605,-1,8,-20,14,0,0,308,0
17.4000000953674,-375,-1263,15442,-9,15,-25,-814,-166,16274,30,-2,-18,-465,-725,-16400,15,3,-35,-870,-245,-16204,26,-34,5,-481,-2381,16643,-10,33,-36,16,0,0,306,0
17.4100000858307,-366,-1217,15389,-1,27,-13,-822,-178,16259,30,-3,-26,-407,-685,-16369,22,-5,-28,-945,-214,-16201,28,-29,-8,-480,-2367,16634,-2,28,-18,16,0,0,310,0
17.4200000762939,-351,-1269,15512,-8,18,-23,-761,-140,16241,24,5,-6,-452,-697,-16380,24,21,-35,-917,-222,-16189,18,-26,9,-464,-2389,16634,-5,24,-23,15,0,0,307,0
17.4300000667572,-379,-1249,15414,8,19,-14,-796,-140,16252,40,-3,-17,-493,-734,-16447,31,4,-31,-923,-195,-16177,7,-16,9,-521,-2381,16557,-4,12,-32,13,0,0,308,0
17.4400000572205,-396,-1227,15443,-4,23,-15,-826,-150,16255,35,-3,-19,-421,-699,-16424,21,12,-26,-937,-241,-16121,25,-20,9,-499,-2403,16606,3,-7,-12,15,0,0,314,0
17.460000038147,-395,-1281,15463,5,19,-10,-806,-155,16269,27,2,-1,-460,-699,-16374,39,5,-32,-888,-260,-16173,22,-38,-1,-446,-2409,16619,1,21,-30,17,0,0,311,0
17.4700000286102,-358,-1237,15498,-12,14,-21,-831,-132,16256,26,2,-11,-458,-698,-16372,36,0,-28,-920,-225,-16200,14,-33,-9,-502,-2425,16624,-7,29,-30,13,0,0,311,0
17.4800000190735,-380,-1236,15523,5,9,-22,-821,-166,16268,28,-8,-8,-440,-768,-16390,21,-16,-37,-895,-249,-16202,8,-21,11,-478,-2351,16576,-19,10,-26,14,0,0,312,0
17.4900000095367,-411,-1261,15408,1,21,-17,-810,-170,16191,24,-9,-18,-420,-734,-16418,23,-12,-23,-891,-234,-16203,10,-5,15,-450,-2415,16630,-10,14,-17,17,0,0,314,0
17.5099999904633,-380,-1247,15495,-9,16,-5,-840,-127,16272,21,-4,-8,-421,-721,-16408,7,7,-33,-938,-243,-16169,9,-34,6,-503,-2379,16654,-4,20,-18,15,0,0,315,0
17.5199999809265,-376,-1191,15534,-9,19,-16,-808,-164,16258,30,-10,-15,-444,-763,-16412,20,-8,-22,-939,-215,-16146,18,-29,-4,-479,-2382,16630,2,4,-25,16,0,0,316,0
17.5299999713898,-384,-1240,15485,-3,10,-15,-801,-149,16302,32,-7,-18,-476,-724,-16379,31,8,-30,-909,-232,-16155,20,-34,12,-481,-2374,16582,-2,22,-35,16,0,0,315,0
17.539999961853,-376,-1220,15493,3,-1,-20,-829,-167,16253,32,-18,-12,-461,-760,-16420,33,-13,-38,-854,-248,-16162,17,-28,0,-442,-2425,16653,-4,5,-42,17,0,0,309,0
17.5599999427795,-382,-1288,15506,-4,18,-18,-798,-185,16278,22,-6,-15,-450,-689,-16407,37,12,-44,-890,-242,-16179,16,-29,2,-465,-2435,16644,-12,21,-41,17,0,0,312,1
17.5699999332428,-360,-1205,15557,-3,13,-12,-796,-157,16274,29,-1,-16,-474,-688,-16398,19,-8,-37,-927,-247,-16145,34,-30,8,-482,-2394,16614,-7,4,-43,16,0,0,309,0
17.5799999237061,-373,-1272,15467,-4,12,-22,-822,-152,16254,23,2,-18,-408,-763,-16374,35,3,-20,-911,-215,-16214,23,-20,20,-486,-2381,16585,-9,7,-15,16,0,0,303,0
17.6000001430511,-392,-1216,15473,-4,11,-11,-819,-187,16313,27,-11,-26,-453,-705,-16380,27,13,-34,-903,-234,-16181,21,-32,7,-464,-2442,16680,-11,9,-31,17,0,0,304,0
17.6100001335144,-383,-1247,15536,6,5,-16,-842,-135,16273,28,-9,-9,-463,-761,-16394,18,1,-33,-934,-240,-16194,32,-34,5,-523,-2415,16637,-10,-7,-17,16,0,0,307,0
17.6200001239777,-353,-1277,15517,-8,18,-9,-828,-127,16203,32,-1,-9,-447,-773,-16374,23,-12,-20,-935,-213,-16184,15,-26,1,-544,-2361,16615,-20,2,-17,16,0,0,284,0
17.6300001144409,-398,-1270,15476,-3,20,-18,-824,-158,16231,22,4,-8,-461,-725,-16445,21,-9,-39,-935,-213,-16184,15,-26,1,-471,-2399,16543,-20,6,-7,13,0,0,293,0
17.6500000953674,-402,-1289,15429,-3,-8,-10,-900,-166,16246,27,-3,-19,-440,-709,-16378,34,3,-29,-919,-226,-16151,17,-24,9,-453,-2376,16648,-15,-4,-1,18,0,0,301,0
17.6600000858307,-359,-1229,15549,-1,13,-17,-862,-168,16196,23,5,-24,-438,-656,-16365,11,-8,-32,-907,-235,-16192,21,-22,1,-478,-2391,16628,-20,17,-16,16,0,0,291,0
17.6700000762939,-384,-1241,15501,-5,9,-12,-826,-157,16271,42,-4,-19,-461,-719,-16460,20,-1,-23,-936,-251,-16180,26,-37,1,-461,-2394,16582,-5,8,-23,14,0,0,281,0
17.6800000667572,-380,-1244,15466,-17,18,-15,-818,-139,16243,23,-8,-18,-424,-725,-16387,19,5,-39,-909,-206,-16204,25,-21,11,-476,-2428,16656,-10,0,-28,15,0,0,305,0
17.6900000572205,-376,-1288,15438,-4,15,-12,-816,-172,16192,21,1,-1,-439,-701,-16377,17,11,-30,-902,-218,-16182,24,-26,13,-466,-2440,16582,-11,14,-16,17,0,0,301,0
17.710000038147,-347,-1255,15481,-16,26,-17,-815,-168,16274,20,-8,-3,-422,-726,-16356,11,5,-36,-882,-188,-16210,30,-37,-12,-501,-2370,16633,-9,9,-21,17,0,0,303,0
17.7200000286102,-421,-1233,15510,-9,23,-33,-863,-140,16239,36,-5,-13,-434,-690,-16391,24,-1,-28,-962,-240,-16147,18,-27,19,-507,-2396,16599,-16,2,14,15,0,0,301,0
17.7300000190735,-399,-1249,15452,0,30,-35,-828,-159,16261,13,2,-20,-434,-741,-16394,12,-6,-14,-907,-291,-16174,22,-5,14,-436,-2422,16578,-12,32,-11,14,0,0,301,0
17.7400000095367,-393,-1288,15407,4,21,-25,-835,-157,16250,21,-7,-12,-467,-726,-16410,27,1,-31,-869,-266,-16146,6,-15,-6,-486,-2431,16626,0,7,-12,15,0,0,304,0
17.7599999904633,-359,-1224,15478,-1,10,-27,-806,-153,16264,17,-14,-15,-438,-681,-16357,17,-6,-30,-899,-249,-16205,21,-42,1,-464,-2421,16610,-11,8,-14,17,0,0,299,0
17.7699999809265,-355,-1253,15415,-5,26,-27,-850,-178,16271,25,-2,-21,-403,-723,-16439,31,1,-36,-888,-278,-16199,20,-22,14,-441,-2442,16560,-27,2,7,15,0,0,298,0
17.7799999713898,-377,-1267,15472,-9,29,-21,-854,-165,16303,20,9,-8,-449,-760,-16421,22,12,-37,-883,-180,-16159,4,-25,17,-491,-2404,16588,1,13,-9,14,0,0,298,0
17.789999961853,-388,-1228,15496,-8,22,-20,-767,-143,16259,26,5,-11,-465,-739,-16461,25,4,-22,-896,-217,-16158,24,-18,7,-498,-2435,16569,-11,21,-27,18,0,0,274,0
17.8099999427795,-377,-1249,15431,-18,15,-27,-777,-189,16261,24,-5,-21,-416,-708,-16425,8,7,-31,-923,-272,-16216,20,-42,14,-462,-2364,16666,-11,7,-8,14,0,0,274,0
17.8199999332428,-373,-1259,15486,-14,7,-25,-845,-181,16234,25,-3,-12,-460,-731,-16475,20,16,-28,-948,-255,-16210,23,-34,3,-477,-2343,16595,-18,18,-8,14,0,0,296,0
17.8299999237061,-402,-1257,15497,10,12,-10,-807,-131,16239,32,-12,-21,-450,-705,-16371,16,6,-32,-897,-233,-16149,22,-22,4,-470,-2401,16597,-20,25,-25,15,0,0,297,0
17.8500001430511,-359,-1280,15509,-7,21,-25,-823,-148,16262,22,-5,-15,-442,-725,-16378,16,-5,-39,-928,-242,-16185,31,-35,13,-499,-2400,16603,-5,10,-32,15,0,0,296,0
17.8600001335144,-371,-1212,15508,-12,14,-19,-795,-182,16230,27,0,-10,-455,-702,-16401,8,-10,-36,-915,-275,-16151,25,-28,8,-465,-2409,16633,-14,23,-22,16,0,0,297,0
17.8700001239777,-385,-1285,15478,4,13,-13,-844,-167,16252,14,3,-19,-432,-731,-16405,7,6,-24,-903,-280,-16135,22,-31,10,-478,-2378,16582,-11,18,-20,14,0,0,290,0
17.8800001144409,-385,-1256,15499,-13,8,-19,-847,-176,16275,32,3,-6,-454,-803,-16423,19,17,-16,-931,-207,-16155,15,-30,-1,-474,-2418,16614,-15,11,-20,15,0,0,292,0
17.8900001049042,-370,-1207,15536,-16,22,-16,-841,-147,16260,37,-4,-17,-456,-714,-16399,13,7,-27,-965,-230,-16142,19,-24,4,-488,-2398,16661,1,14,-26,17,0,0,292,0
17.9100000858307,-360,-1288,15439,4,17,-18,-777,-146,16215,27,-2,-2,-451,-736,-16471,28,11,-34,-911,-208,-16153,39,-23,5,-466,-2415,16603,-9,22,-22,17,0,0,289,0
17.9200000762939,-354,-1242,15467,0,28,-19,-842,-182,16224,30,0,-6,-444,-731,-16391,6,9,-25,-900,-210,-16161,24,-19,12,-502,-2336,16630,-12,15,-9,16,0,0,290,0
17.9300000667572,-392,-1270,15469,-16,10,-23,-806,-160,16296,25,-3,-18,-478,-717,-16423,12,12,-29,-888,-279,-16075,19,-19,16,-442,-2408,16594,-18,14,-12,15,0,0,290,0
17.9400000572205,-356,-1230,15538,-2,10,-13,-831,-157,16216,34,-2,-16,-457,-723,-16407,7,-2,-26,-910,-245,-16142,15,-34,4,-480,-2389,16659,-15,20,-27,18,0,0,292,0
17.960000038147,-386,-1269,15447,-12,25,-16,-820,-148,16228,30,-10,-9,-436,-697,-16404,24,7,-22,-924,-242,-16185,31,-31,11,-514,-2402,16579,-16,11,-6,16,0,0,289,0
17.9700000286102,-380,-1276,15420,-6,17,3,-815,-141,16270,37,-3,-18,-445,-725,-16467,18,-2,-11,-945,-249,-16171,32,-20,16,-486,-2394,16611,-7,17,-18,14,0,0,283,0
17.9800000190735,-384,-1222,15509,-4,11,-14,-838,-189,16250,31,0,-8,-494,-737,-16413,20,-10,-27,-898,-202,-16169,7,-18,2,-480,-2400,16645,-4,17,-11,15,0,0,275,0
18,-366,-1280,15395,-15,13,-20,-771,-138,16203,24,5,-15,-463,-698,-16388,23,-1,-30,-896,-212,-16169,26,-36,4,-485,-2383,16630,-12,13,-18,15,0,0,273,0
18.0099999904633,-374,-1219,15505,-7,-2,-23,-789,-150,16305,26,-2,-11,-485,-797,-16384,17,0,-21,-885,-248,-16194,23,-25,3,-513,-2412,16568,-13,11,-18,16,0,0,288,0
18.0199999809265,-368,-1228,15497,-3,3,-18,-803,-148,16188,25,3,-13,-501,-757,-16372,26,1,-27,-883,-245,-16211,16,-21,9,-480,-2380,16591,-15,47,-32,14,0,0,284,0
18.0299999713898,-386,-1235,15463,0,9,-9,-826,-159,16262,17,13,-4,-500,-708,-16384,19,2,-26,-915,-235,-16204,13,-25,8,-483,-2404,16598,-25,13,-24,11,0,0,287,0
18.0499999523163,-360,-1231,15471,-8,1,-11,-839,-139,16262,34,-1,-7,-499,-760,-16440,23,-6,-23,-923,-251,-16185,17,-31,0,-474,-2381,16645,-18,19,-19,16,0,0,277,1
18.0599999427795,-370,-1253,15434,4,12,-16,-824,-155,16293,31,15,-4,-448,-697,-16463,16,7,-26,-904,-217,-16184,16,-39,2,-468,-2382,16604,-9,14,-19,13,0,0,280,0
18.0699999332428,-355,-1233,15447,4,10,-18,-843,-127,16206,22,-5,-24,-476,-801,-16437,16,14,-23,-908,-253,-16113,19,-38,11,-512,-2400,16550,8,16,-17,15,0,0,281,0
18.0799999237061,-396,-1273,15418,5,-3,-17,-848,-173,16262,15,-4,-21,-450,-732,-16447,13,8,-31,-902,-216,-16175,10,-19,7,-491,-2397,16590,-10,21,-10,15,0,0,281,0
18.1000001430511,-411,-1222,15457,1,14,-20,-819,-157,16236,37,1,-9,-437,-706,-16410,22,6,-27,-954,-225,-16139,14,-25,11,-518,-2374,16591,-5,13,-6,16,0,0,274,0
18.1100001335144,-383,-1224,15433,-2,11,-19,-809,-130,16247,33,7,-20,-433,-740,-16384,20,4,-14,-926,-229,-16144,4,-35,18,-481,-2398,16602,-13,21,-8,15,0,0,275,0
18.1200001239777,-397,-1235,15465,-6,18,-29,-833,-138,16228,26,-1,-20,-484,-743,-16399,6,4,-26,-940,-214,-16173,17,-30,16,-523,-2356,16638,-10,10,-7,16,0,0,281,0
18.1300001144409,-399,-1243,15450,-6,22,-20,-808,-192,16275,18,2,-4,-491,-728,-16373,26,-2,-27,-916,-209,-16182,23,-33,18,-477,-2395,16600,-22,8,-25,15,0,0,281,0
18.1400001049042,-410,-1279,15472,1,14,-15,-854,-140,16251,34,5,-2,-484,-714,-16372,25,-9,-27,-903,-278,-16176,41,-36,-7,-457,-2395,16632,-4,10,-26,17,0,0,281,0
18.1600000858307,-378,-1210,15447,4,16,-20,-854,-140,16251,34,5,-2,-525,-786,-16344,15,6,-32,-973,-246,-16157,35,-36,9,-449,-2451,16639,-16,16,-18,15,0,0,283,0
18.1700000762939,-354,-1281,15484,-8,4,-14,-805,-186,16246,23,-1,-24,-473,-696,-16385,17,-8,-19,-923,-248,-16181,32,-30,15,-479,-2429,16621,-19,1,-32,14,0,0,279,0
18.1800000667572,-351,-1246,15427,-3,7,-21,-823,-133,16226,25,-5,-8,-460,-766,-16473,20,-7,-24,-923,-248,-16181,32,-30,15,-534,-2334,16575,7,16,-17,15,0,0,278,0
18.1900000572205,-394,-1232,15423,-7,5,-21,-820,-141,16222,26,-6,-12,-448,-774,-16449,20,5,-41,-916,-215,-16166,11,-27,14,-502,-2389,16575,-9,10,-10,16,0,0,277,0
18.210000038147,-373,-1240,15456,-6,5,-17,-844,-156,16225,40,8,-17,-525,-778,-16420,16,-7,-32,-929,-234,-16140,19,-39,6,-502,-2411,16662,-18,24,-17,17,0,0,259,0
18.2200000286102,-368,-1279,15476,-1,8,-9,-808,-145,16231,31,-1,-30,-438,-743,-16421,17,-3,-23,-912,-220,-16206,18,-40,18,-539,-2355,16587,-4,12,-15,15,0,0,260,0
18.2300000190735,-352,-1248,15438,-5,13,-11,-809,-132,16284,28,-10,-20,-448,-690,-16352,28,9,-27,-913,-201,-16164,20,-30,6,-462,-2439,16640,-17,12,-28,12,0,0,263,0
18.2400000095367,-385,-1287,15456,-8,9,-6,-868,-146,16281,36,-8,-17,-502,-774,-16374,26,5,-28,-854,-261,-16154,15,-27,6,-480,-2424,16626,-11,-5,-5,16,0,0,265,0
18.2599999904633,-381,-1267,15458,-1,6,-11,-837,-180,16256,24,-5,-10,-479,-723,-16425,19,-2,-23,-947,-232,-16153,25,-41,8,-451,-2413,16592,-8,0,-10,15,0,0,267,0
18.2699999809265,-349,-1238,15500,-3,10,-13,-825,-170,16281,21,-1,-8,-483,-761,-16403,22,4,-32,-919,-228,-16192,26,-24,6,-458,-2420,16609,-21,4,-12,13,0,0,271,0
18.2799999713898,-393,-1308,15455,5,2,-19,-820,-178,16283,31,-8,-12,-399,-693,-16411,12,0,-28,-926,-259,-16227,22,-41,15,-497,-2403,16646,-9,-2,-7,15,0,0,268,1
18.289999961853,-402,-1259,15427,2,21,-3,-798,-148,16204,13,0,-18,-475,-737,-16392,23,-2,-28,-926,-248,-16178,16,-23,16,-520,-2420,16636,-6,20,-13,16,0,0,265,0
18.3099999427795,-409,-1244,15468,-4,5,-14,-848,-131,16274,29,-16,3,-536,-813,-16422,28,3,-26,-926,-248,-16178,16,-23,16,-479,-2359,16673,3,11,-11,15,0,0,264,0
18.3199999332428,-356,-1266,15452,-1,15,-8,-852,-150,16263,27,2,-23,-504,-766,-16392,16,-5,-32,-880,-233,-16187,12,-32,6,-485,-2393,16602,-5,8,-6,13,0,0,261,0
18.3299999237061,-364,-1217,15425,-8,-2,-20,-813,-163,16289,20,-2,-25,-435,-682,-16430,25,-4,-31,-881,-239,-16181,14,-28,6,-465,-2435,16622,-20,15,-16,15,0,0,266,0
18.3500001430511,-402,-1238,15487,2,28,-16,-774,-133,16278,32,13,-19,-487,-695,-16395,21,9,-33,-913,-246,-16201,19,-24,15,-465,-2435,16622,-20,15,-16,16,0,0,264,0
18.3600001335144,-358,-1258,15464,10,0,-10,-793,-159,16267,23,-7,-12,-466,-748,-16376,8,-13,-27,-937,-253,-16167,21,-30,10,-512,-2385,16622,-8,11,-17,18,0,0,267,0
18.3700001239777,-392,-1243,15491,10,10,-13,-812,-156,16272,29,-2,-10,-454,-754,-16440,19,-5,-25,-944,-246,-16141,15,-27,9,-497,-2416,16536,-11,16,-11,16,0,0,268,0
18.3800001144409,-395,-1236,15488,0,13,-18,-846,-128,16242,27,-1,-19,-432,-740,-16442,5,2,-8,-936,-284,-16150,15,-21,6,-533,-2426,16642,-13,5,-16,13,0,0,270,0
18.3900001049042,-490,-1250,15482,-14,18,-8,-946,-185,16291,32,7,-33,-434,-672,-16475,33,7,-11,-946,-398,-16048,-16,-9,24,-533,-2727,16669,-46,-6,-20,17,0,0,268,0
18.4100000858307,-590,-1157,15631,40,-85,68,-931,-187,16170,130,-136,-14,-345,-734,-16308,167,16,-9,-1185,-556,-16097,-79,92,49,-470,-2899,16689,395,-173,-1227,17,0,0,270,0
18.4200000762939,-366,-1126,15593,254,-82,220,-769,-58,16444,201,-411,138,-152,-255,-17199,224,12,-135,-1174,-489,-15813,32,-180,-164,-611,-2613,16368,654,-240,-1988,15,0,0,263,0
18.4400000572205,-513,-1233,15590,247,-570,587,-1024,-180,16178,-117,-1030,379,-325,-473,-16396,-5,-9,-302,-1054,-336,-15703,4,-559,-232,-253,-2872,16826,624,-863,-2164,14,0,0,265,0
18.4500000476837,-462,-1212,15396,373,-826,891,-936,-39,16201,-65,-1104,467,-459,-795,-16458,151,17,-464,-959,-320,-15802,-14,-752,-442,307,-2693,16968,920,-883,-2832,14,0,0,263,0
18.460000038147,-53,-1533,15975,665,-1362,995,-994,-50,16114,-178,-1629,544,-312,-510,-16613,38,19,-538,-1058,-233,-16209,-9,-936,-752,-828,-2529,16580,1343,-1405,-3380,14,0,0,184,0
18.4800000190735,-364,-927,15152,528,-1381,1317,-589,-189,16159,-132,-1698,771,-646,-996,-16328,-10,42,-646,-927,311,-16456,223,-1005,-976,-449,-1935,16431,1258,-1469,-3260,16,0,0,239,0
18.4900000095367,-169,-1300,15372,441,-1252,1187,-609,-215,16452,-102,-1554,682,-264,-1630,-16808,11,48,-656,-862,-423,-16539,195,-1012,-527,-281,-2011,16447,1278,-1049,-3287,17,0,0,172,0
18.5099999904633,-303,-1045,15427,398,-1218,1203,-447,-31,16326,-212,-1577,785,-578,-325,-16178,-43,40,-668,-603,-110,-16545,9,-733,-543,-349,-1426,16045,1348,-896,-3343,16,0,0,180,0
18.5199999809265,25,-1239,15438,140,-913,1272,-888,-177,16099,-205,-1397,806,-580,-81,-16012,-201,32,-753,-821,277,-16562,24,-291,-634,-92,-1227,16431,1212,-877,-3096,14,0,0,181,0
18.5299999713898,146,-915,14996,174,-640,909,-279,86,16325,-262,-945,636,-507,-224,-16429,-323,6,-662,-969,-38,-16377,82,-315,-329,200,-1462,16143,869,-620,-2959,13,0,0,174,0
18.5499999523163,-64,-1287,15160,-44,-308,663,-762,-200,15921,-222,-761,569,-488,33,-16245,-161,-18,-534,-1282,-71,-16675,68,-358,-49,378,-891,16384,806,-180,-2446,13,0,0,0,0
18.5599999427795,197,-1358,15393,-39,-247,403,-723,-134,16169,-168,-560,273,-479,-977,-16072,6,45,-179,-1356,-251,-16319,26,-266,18,202,-1340,16450,664,461,-2465,12,0,0,63,0
18.5799999237061,235,-1208,15252,192,-314,422,-478,-300,16148,10,-513,213,-563,-341,-16394,115,22,-40,-605,-203,-16474,6,-265,-247,-349,-1297,16420,501,440,-1526,13,0,0,88,0
18.5900001525879,160,-1423,15654,77,-75,176,-470,-177,16172,16,-295,140,-362,-578,-16370,49,5,-85,-816,-2,-16049,64,-13,-399,-255,-1098,16799,543,239,-1144,11,0,0,68,0
18.6000001430511,258,-1064,15390,114,-49,199,-512,-169,16284,-43,-170,140,-562,-616,-16275,-15,13,-98,-983,-2,-16313,168,53,-265,-51,-1163,16277,389,216,-917,12,0,0,0,0
18.6200001239777,-141,-1230,15279,74,1,121,-597,-169,16268,-12,-75,42,-327,-402,-16511,47,2,-40,-832,13,-16433,-41,-10,146,-163,-1232,16560,222,191,-763,11,0,0,0,0
18.6300001144409,74,-1338,15392,49,-9,28,-498,-203,16362,29,-92,71,-461,-560,-16453,-40,-2,-87,-707,-43,-16301,-92,-77,117,-196,-978,16775,-33,53,-782,12,0,0,0,0
18.6400001049042,-149,-1285,15459,-16,-42,-14,-420,-148,16247,-10,-49,113,-407,-601,-16386,-219,-18,-191,-878,-75,-16224,-4,70,-25,-276,-1268,16677,-109,-9,-601,14,0,0,0,0
18.6500000953674,-30,-1223,15428,-109,81,64,-537,-207,16176,-118,-20,135,-538,-585,-16298,-205,17,-224,-1020,-156,-16218,-43,-105,92,127,-1496,16353,178,188,-553,11,0,0,0,0
18.6700000762939,-11,-1358,15512,-35,20,73,-613,-252,16172,38,-125,128,-430,-480,-16344,5,-4,-98,-972,-256,-16496,-123,-187,81,-126,-1204,16605,126,427,-932,11,0,0,0,0
18.6800000667572,-80,-1360,15414,0,-15,60,-404,-88,16294,117,-236,150,-447,-583,-16485,-13,-6,-99,-903,-73,-16350,56,-22,-309,52,-1131,16513,-31,295,-850,13,0,0,0,0
18.6900000572205,27,-1104,15200,21,-104,16,-423,-153,16276,117,-236,150,-425,-538,-16416,-207,-30,-228,-912,-5,-16220,17,82,-268,-269,-1177,16728,-138,-36,-583,15,0,0,0,0
18.710000038147,16,-1186,15399,-58,-69,31,-482,-121,16315,9,-96,181,-528,-711,-16398,-290,-13,-275,-956,94,-16184,-23,-66,-30,242,-1191,16281,52,-8,-428,13,0,0,0,0
18.7200000286102,-51,-1350,15479,-86,18,30,-584,-263,16179,-35,-39,146,-521,-458,-16358,-134,-4,-189,-897,-261,-16432,-118,-78,201,104,-1288,16362,185,317,-532,11,0,0,0,0
18.7300000190735,-20,-1323,15592,-52,38,31,-571,-342,16218,50,-133,169,-233,110,-16562,-403,-25,-263,-1055,-459,-16606,-89,14,34,242,-1237,16658,42,588,-788,12,0,0,0,0
18.75,19,-997,14975,-364,141,148,-751,-167,16052,-168,-784,1089,-636,-246,-16289,-1695,-91,-1419,-1250,-34,-15762,223,202,-639,-611,-1308,16763,8,1094,-1241,15,0,0,0,0
18.7599999904633,-425,-1261,15510,-169,134,113,-1213,-254,16406,38,-376,467,-463,-295,-16520,-171,-69,-22,-1335,-572,-16865,-131,-57,-66,871,-1550,15893,4,557,-1033,16,0,0,0,3
18.7699999809265,220,-1274,15047,-171,-81,112,-362,-309,15865,86,-644,702,-347,501,-16368,14,7,-411,-519,281,-16260,-206,-351,-22,197,-1016,16471,99,1573,-1613,15,0,0,0,0
18.789999961853,-182,-1456,15724,-32,-85,-32,-1329,-318,15837,284,-455,119,-315,-413,-16590,580,29,643,-422,316,-16493,-101,-306,-338,-218,-366,16752,343,847,-1336,12,0,0,0,0
18.7999999523163,621,-1118,15305,297,-386,-67,300,106,16521,129,-387,118,-678,-1101,-16375,334,-58,232,-657,434,-15820,-88,236,-718,-291,-729,17359,350,213,-697,13,0,0,0,0
18.8099999427795,296,-1077,15216,2,9,101,300,106,16521,129,-387,118,-359,-484,-16454,-463,-45,-376,-862,468,-16262,61,-64,-445,-40,-1058,16881,253,-73,-127,14,0,0,0,0
18.8199999332428,-209,-1327,15375,-272,295,173,-904,-191,15868,-227,195,258,-523,-522,-16334,-719,4,-495,-1103,-18,-16486,144,-210,-72,407,-1331,16356,335,282,-404,14,0,0,0,0
18.8400001525879,-116,-1250,15348,-139,170,61,-528,-91,16282,67,-35,184,-344,-503,-16593,-161,-18,-217,-1033,-331,-16205,28,258,242,198,-1114,16294,145,784,-1121,15,0,0,0,0
18.8500001430511,-181,-1392,15535,-21,-99,-38,-608,-239,16273,133,-309,187,-414,-344,-16509,132,-9,-37,-1139,-343,-16214,-196,146,-603,-50,-1092,16988,-91,590,-864,13,0,0,0,0
18.8700001239777,261,-1109,15377,6,-141,17,-259,-100,16198,58,-443,273,-401,-286,-16390,0,20,-134,-902,101,-16247,-74,-155,-623,-158,-802,17056,158,537,-676,11,0,0,0,0
18.8800001144409,81,-1112,15195,-44,-11,111,-332,-125,16302,36,-292,230,-401,-286,-16390,0,20,-134,-765,74,-16398,160,-375,-95,99,-895,16801,259,383,-146,13,0,0,0,0
18.8900001049042,41,-1387,15496,-69,122,138,-585,-239,16237,-1,-59,141,-370,-426,-16435,-154,-2,-171,-908,-195,-16377,108,-195,137,223,-775,16626,296,563,-631,16,0,0,0,0
18.9100000858307,-14,-1319,15552,-19,42,67,-667,-168,16295,68,-164,152,-319,-185,-16461,-85,-18,-131,-938,-76,-16262,-164,187,-26,-158,-946,16937,1,286,-333,15,0,0,0,0
18.9200000762939,75,-1197,15318,-32,-60,-20,-369,-132,16341,63,-241,178,-452,-497,-16419,-83,-16,-162,-912,134,-16213,-50,50,-249,-204,-640,17130,44,145,-120,11,0,0,0,0
18.9300000667572,75,-1197,15318,-32,-60,-20,-371,-140,16286,-31,-41,92,-499,-367,-16374,-121,-18,-90,-935,42,-16294,144,-126,-151,212,-1006,16768,188,-86,201,13,0,0,0,0
18.9400000572205,41,-1340,15416,-137,73,99,-427,-217,16121,2,35,71,-423,-335,-16362,-98,18,-103,-905,-297,-16497,128,-153,185,487,-1338,16447,66,158,-437,16,0,0,0,0
18.960000038147,-73,-1200,15369,-25,62,72,-440,-135,16242,7,-12,82,-403,-421,-16467,-69,11,-44,-786,35,-16357,29,34,42,45,-1173,16637,139,402,-536,14,0,0,0,0
18.9700000286102,-157,-1270,15387,19,48,84,-521,-164,16310,201,-61,148,-362,-386,-16476,-53,-10,-59,-772,31,-16295,-164,225,-456,-338,-297,17266,113,148,-288,12,0,0,0,0
18.9800000190735,111,-1022,15137,22,-122,7,-324,32,16321,63,-118,79,-514,-546,-16400,-63,-4,9,-995,277,-15866,69,32,-637,-78,-914,16974,-60,-445,515,14,0,0,0,0
18.9900000095367,152,-1263,15450,-73,14,-5,-540,-196,16250,-31,158,-39,-543,-348,-16360,17,7,39,-754,89,-16506,123,-395,391,399,-829,16428,109,-302,372,14,0,0,0,0
19.0099999904633,-73,-1402,15447,-35,-23,-36,-577,-231,16247,32,61,-26,-461,-300,-16406,-21,4,41,-680,-285,-16635,-49,-95,445,235,-1039,16461,51,-181,241,15,0,0,0,0
19.0199999809265,50,-1182,15367,-8,17,-5,-420,-80,16187,57,42,-9,-425,-514,-16486,-44,14,22,-1120,-96,-16139,87,386,-186,-15,-933,16894,-30,-29,138,10,0,0,0,0
19.0299999713898,-98,-1290,15239,-8,12,18,-488,-65,16281,11,25,18,-423,-289,-16428,9,-11,-6,-1136,27,-16083,87,91,-23,132,-958,16689,-24,94,-238,11,0,0,0,0
19.0499999523163,-30,-1342,15415,-16,-8,15,-486,-182,16287,-30,-66,45,-475,-369,-16411,34,-15,-13,-804,-136,-16425,-50,-303,9,86,-842,16778,-36,125,-315,14,0,0,0,0
19.0599999427795,17,-1244,15370,30,-53,12,-490,-166,16268,-21,-110,57,-452,-292,-16439,20,14,-26,-826,-82,-16398,48,-154,-197,-9,-845,16746,-34,206,-281,15,0,0,0,0
19.0699999332428,46,-1333,15381,0,7,36,-490,-166,16268,1,-71,64,-449,-390,-16429,-11,-12,-14,-886,110,-16285,15,52,-35,70,-813,16828,28,211,-292,11,0,0,0,0
