1.88733943777966e-19,6.59990073627558e-16,5.21420485605091e-16,-2.35075361772992e-15,2.9989394637963e-16,-3.53452103056541e-16,-8.98527259848737e-16,8.13914521183433e-16,4.91577760182813e-15,-1.00527694612423e-15,-1.17773224324003e-15,-1.40033566376529e-16,4.33326143835928e-16,-3.59653351500578e-15,7.61441474155248e-16,-4.81773936757274e-15,6.04502959470517e-16,-2.09887626234163e-16,-1.82111547446844e-16,-3.73190072063101e-15,-7.52361998200634e-16,7.73135663571948e-16,-2.54461861005992e-16,-9.2011901465487e-17,-8.54798066970334e-16,9.28611064143184e-16,3.98535019832055e-15,3.77382540538377e-15,3.22094473377739e-16,1.21892636023018e-16,-4.46848623502741e-16,0,0,0,0,0
0.0095420750276111,51.6447052404256,-20.2215900174218,-85.0510494193723,17.6191374538138,12.1792126746513,8.88467710775688,3.7513980309221,12.769131210749,-29.0123171225691,5.27273130333824,2.49630063861897,4.01596345921564,-23.0680123496068,7.82952801352815,-77.0001765222546,-9.57986745429745,11.0713214733695,1.85941387261692,-8.48051428368546,-29.7470758466652,-34.9187433700182,-8.42052004622869,-1.07203544266686,-3.22845708718298,36.7562372531295,70.8978561633163,8.14826366798469,14.4440632305588,-2.05750626387941,-12.2092315295831,0,0,0,0,0
0.0185870538779852,46.6813798484216,-15.9893872638388,-11.5431850847582,7.86799029765122,18.843687620007,23.0835292791078,-44.8547687048825,2.42297737213366,18.4585809891624,9.77303335652804,14.3839958043911,2.80248776554179,-30.0698856968194,22.3155073353686,1.78827844017506,-3.83226325796963,20.0610997998978,1.2611843226751,10.0907835782593,-84.1475579976762,-22.8004662073438,-15.8758032794643,0.926864924059846,3.76761971837008,36.032995292371,54.3488832170064,-6.66025055734862,-10.8571894290507,-2.44973862824044,-26.1814690346377,0,0,0,0,0
0.0372050978235524,77.4909923502853,-15.5211741254474,-52.5238617867043,4.43861505662934,9.39175443076586,4.9052997499037,-10.2178002306549,84.9999266165705,-13.6061513518492,-2.60874808076022,11.269016620031,6.15367706915007,-48.2860969745036,-41.4970801327152,-33.6049463949796,-2.58494026411734,2.24522028253022,4.91239883478295,-16.5518144547681,-15.778744362149,53.2328335473678,-11.2271707693018,1.53241784804705,5.26870844807884,7.28361191469991,46.7021770293983,8.63039831752253,1.49010331777634,-13.4571596953802,-20.1342241138382,0,0,0,0,0
0.0489231805775906,73.4042942220573,-29.4476247657637,-27.1953630160986,17.6589853854919,6.00883815607233,7.96953979535308,11.5024418257641,26.2318041881898,16.7607149223153,13.0516133071602,8.83885572874332,10.8938037763175,-18.8379572771177,-24.5086196591879,-17.357118325987,-23.3807678656312,13.5284104046176,16.7860454973263,38.2759287575065,-27.1446725461074,-29.8859901046556,-18.0472917468875,4.72714665964087,1.2684876646202,-13.9949858082921,-19.912580979351,-17.0216956425379,7.60947358233893,-8.47032032944421,-10.868396731343,0,0,0,0,0
0.05672633595195,21.3036804540545,-5.16241324403545,39.343912361657,-6.78107536649597,-12.1344125949579,-2.21294460219398,-49.832853970885,3.96400574454023,84.5708958184413,-9.30080373975774,14.3828099627125,27.9553125000775,-116.636770684576,47.9886368617676,-1.71766066549833,11.706623291904,30.9578827578296,-2.42879620271393,19.0384458283133,-134.006003690535,2.65641981623571,-30.8117360003895,-7.40403986950379,-5.28467520282373,66.7176384274275,-24.9477340735607,31.6647201989743,-28.9427963832855,-23.9029228328226,-49.653745387369,0,0,0,0,0
0.068130166982465,80.9096520870514,-49.5388627743952,-62.0297986164891,-41.3874907265363,-15.9517244590094,-0.584572065019458,10.5427215062647,-16.0697923309432,-16.6936987918739,-10.9369547153544,15.4081584539899,17.4019659812573,-34.6532030764262,-63.6074099008776,-5.09521985660985,-4.39044361456841,36.4121634731242,5.33310001580881,82.2770694881448,-30.7119912274937,108.88699810963,-28.5129784590403,6.62180037906724,-9.7868934881963,64.4145114117991,-31.1455022538927,-23.589145705099,-4.42907421257213,-83.5506587298833,-100.070986482294,0,0,0,0,0
0.0748413644991288,-0.588110927331394,-19.717202753823,168.964549015098,-66.2033553587075,-60.7580029609503,-27.5485753749116,152.414301304651,317.367944253599,-2.74958961957313,-55.78527940178,10.9350002837719,10.7209513000744,-130.876213242813,79.4254354890808,-50.2525666371278,-12.2421010013286,59.2391852596522,30.8440053906292,-78.8207309657799,-169.045757742804,22.6350664152248,-109.596705103594,39.4576575564581,-154.388008277648,-79.6826565740881,81.9691107795855,192.757319108056,-54.8149167104299,-85.4373280888866,-252.2893384141,0,0,0,0,0
0.0929782049138864,18.8737667234524,-67.5427471571634,92.976033256314,-84.4533180696545,-90.6232073347679,16.2472447107454,308.307739909824,231.767830576901,-256.223176344343,49.837042145618,-1.31552240647191,-39.8808385992926,-109.293195950706,-23.2189939041131,-136.402793547856,-25.2665047796105,44.1351677540692,-10.8728120992861,2.35397412044246,158.859974666734,-17.269727307409,9.56331924082611,-18.8990150621372,-128.565288625035,-24.8721916369959,141.222708222692,-128.157201284071,192.422667888682,-177.849742155677,-333.203595984036,0,0,0,0,0
0.106284917177702,24.8561017777645,61.7767018675715,-56.3424801076642,-84.7863814023219,-62.3356497630136,-46.9733837730329,-283.000026858288,148.390761572723,321.434002222877,-297.180999907971,7.01670016021106,39.6318174413031,-32.0060264269554,-29.8563853517789,-42.3886237222001,64.0135574720196,81.4955529063831,135.822306637947,43.8255722498751,-167.362475029562,25.4789121867759,-125.791129970475,-13.5000334346812,-140.978854646593,246.284484008419,25.9639471230879,346.409307298479,-199.16753602119,44.4750831805996,-255.467732500882,0,0,0,0,0
0.115360213002197,76.1425603307725,97.8026235661647,28.1716012336317,14.6976933171983,-43.9512336686205,-152.669636221877,-145.124639567787,229.468189388518,204.446135950186,-181.204521273635,31.4790409186158,-111.869836833552,-1.04092337523104,28.8826660707437,-65.4615894896321,39.5793526964257,131.877281736651,126.780606312229,-82.1597584800368,-42.3305178872353,-131.074408407949,29.118861330018,-4.28977282196437,-100.435390644589,129.782612884233,285.184852150394,80.7012025136943,132.644854911248,193.398519970052,-137.260252708792,0,0,0,0,0
0.123665383814569,65.8909324358646,30.8585319670288,-10.4101400933863,46.2483344278272,-13.1872726646813,-146.688917471561,87.6241785199029,26.955109186081,-94.6629286629748,114.602742179006,7.30938889962656,-209.352565843889,31.0652545503757,7.67831499915428,58.945436231176,-50.3015739797496,115.219095349254,31.9033554310803,-88.4639375978168,32.0297984161843,102.013820302547,-36.4728877096595,-61.177571983142,0.222049088744908,2.43163268092425,2.90136698696604,-320.427945196253,116.885142269059,101.918224987505,-159.899381378291,0,0,0,0,0
0.138358556161079,45.0272181402207,29.0965803093339,-66.6407069257048,-40.7214841767597,3.58405058622053,-96.551545850183,-84.7380719317077,110.640719837054,139.714556307686,5.40041167582959,47.6335088660574,-133.324487952182,-41.4628990469234,7.48724645203815,43.8815820842407,-20.2376676393844,70.9315199476143,58.9026676829088,118.246664029112,-48.2419529247591,-87.1183205868473,-16.0721131277197,19.9206584806208,-16.9474299030689,128.278473464077,127.493079930558,30.5391375837993,-114.356254000855,112.827447886565,-138.704569049101,0,0,0,0,0
0.155051403448079,36.481518793425,-65.1619386821263,-93.5090102904339,-22.1674850776424,-29.7047602866871,-64.0216715929475,67.8097439930514,-43.8260208872896,-203.393002659558,98.7741405606274,45.358233474221,-216.627210855586,24.7393690004918,-160.011613336354,-47.5709627748154,-0.328532960180778,78.7360014173001,43.4040030850317,-301.935058412975,216.345788244944,164.902564865855,-46.7185981104237,20.2639417823133,-10.3994161740658,-203.817967446531,-42.2641279619491,201.422151042715,37.4950730306903,-82.557053994376,-259.764901324611,0,0,0,0,0
0.162971510960218,49.193396518825,30.2423217428079,45.1250587534399,8.27609971123008,2.20224850604106,-66.7914551973105,-36.8219637588406,68.8259997981763,41.6146415563839,46.7317495245108,-15.4259975680656,-135.295628487897,-30.2536434628391,-49.9704335284112,-104.9338027261,-33.5818932766974,23.4217985859275,51.5706874018764,-307.835957281635,-11.5537499950352,-43.4252296095341,91.2488784136925,66.1484860461601,-14.075063268888,53.1910349021075,-52.8238858390054,-165.38153877219,-22.2155820430579,79.5873031206626,-236.709325609384,0,0,0,0,0
0.172574779391133,82.1001616447768,71.3309523467132,-23.3013498998129,50.6643639494943,37.2424481778069,-38.4717083660407,47.1531794385618,131.161985000945,18.3127147557106,52.7629716125887,23.8621691371474,-106.34209742772,-20.198164899265,27.4310310746088,-216.729155487984,-19.8142250667681,14.2149940773149,2.24546171899809,260.467243686973,446.946339430168,-457.34014491006,231.831839982088,41.0506479716529,117.494896713118,84.9904871406567,245.404694843668,-643.224001892399,278.820692623959,-75.396545808823,-2.03322216355396,0,0,0,0,0
0.184001020046999,-27.6169709677915,42.380246347147,3.20596533189435,101.668598666703,8.13302208352057,-59.3629641838207,-73.3302978401958,-112.722960796166,-71.2566468008388,-36.2404431525234,42.9907800594463,-103.254761637073,-23.2984964514081,42.6050963580972,-19.4042625618729,136.79552942111,99.2661584288168,-29.0420728699996,-32.4186693909915,176.830347193006,320.538194614946,-331.698864591713,-9.4988066228765,80.3550835550287,-296.677877750412,-318.257723399128,276.319304063878,-448.951000205427,-426.125976388222,-21.7841962257752,0,0,0,0,0
0.203371849943541,55.7000361551824,64.174381064339,-12.5952968756349,128.046531288406,36.9887599604874,-36.6668680602519,-26.1501506225413,86.0304733477486,12.1798824141085,-76.3705780930958,53.1483104337541,-5.90201457384013,-70.9514798316057,29.8571654493397,-128.658634995051,113.260698283499,25.7806322099124,-60.3842712117482,-188.653543763605,300.818389511978,52.3560327749768,-13.4957556264505,103.890756046994,9.57165365095953,302.043361071047,174.140248740898,-305.214014057889,-59.6657799316237,-323.78864855858,107.171311810397,0,0,0,0,0
0.21067245965617,7.54513675932994,68.3897843026161,-154.339012457865,154.518887159489,76.2293923550879,-46.7537635064712,84.829780597522,114.806922575025,-23.4286076805304,-88.5573008544765,37.7181493172497,9.14335887100243,-30.4866034134941,-36.6006883677982,-119.418347878145,89.5811812818179,46.9855614899328,-56.8935181219994,-419.07109506372,567.567317360442,209.336497367655,-212.145807616892,46.2902168882381,60.3588666607327,266.996502266111,162.231521987533,-497.172949062251,239.2492894484,-672.367606963873,170.942998062278,0,0,0,0,0
0.221904298015336,93.4189992884692,-16.666635272441,46.4468275468641,105.309663954166,60.2570570598042,-20.3939869406522,7.34455515924601,98.0145709672379,51.8323686706774,-79.9357737306463,39.0450431533983,-14.1575677135865,-18.9325062292775,-24.949788337769,22.3549833276986,162.681343250763,95.1891753027609,-71.0327369609181,251.094079258004,-152.71024225231,47.173423710654,-163.023243169923,72.5148812206233,72.8757912468882,402.79501854564,25.4244006266159,290.808945169474,-436.444681618206,-598.990016992291,241.829508112555,0,0,0,0,0
0.240899740674877,67.9697148964639,-8.00159871848069,-32.5205564918522,144.36629275737,43.7039338356653,50.6955671155011,-2.16423895796564,31.6416592789367,-132.998157767022,-48.8563526188863,48.3330844118129,17.2810699764307,-8.09399001683581,-35.6168020837976,-52.0969308821874,158.867090592021,22.0333851227391,-51.6115932874709,306.254510059571,-75.5018590273318,-62.3527262549435,-83.6295034005073,28.6192035677757,12.9915696057614,103.087165022471,-16.5248855699649,130.932349270733,-8.83343445428973,-427.742554185978,73.4284634362705,0,0,0,0,0
0.25016843731033,84.0565949362707,65.0437937006857,39.0262762204114,152.10240988468,65.0437937006857,39.0262762204114,115.077481162752,51.0343612113072,-76.0512049423401,-2.00134749848263,22.014822483309,-28.0188649787569,-39.0262762204114,-108.072764918062,-47.0316662143419,111.074786165786,-51.0343612113072,-69.0464886976509,-459.309250901765,219.147551083849,78.0525524408228,-162.109147377094,-49.0330137128246,-71.0478361961336,-354.238507231427,153.103083633922,-218.146877334607,294.198082276948,-535.360455844105,34.0229074742048,0,0,0,0,0
0.259494867001246,156.608481452424,-4.39914697168231,6.77434391519866,43.6016828806321,18.0357086301147,85.2838602959845,-72.472132228824,3.40719328157498,374.825408768467,-19.0776444729806,30.879072527615,5.61818534346273,8.62013149558649,-20.4264133572472,12.7992636610656,87.6155135270351,-14.4821283601243,-119.996383253269,-287.169335987748,-6.98275705932541,71.7080973376125,-75.0512463700785,-89.1481326779324,99.5185601654064,1064.16879049612,-138.706146762523,-235.33554093103,-296.245645000923,-444.298633076349,211.367460095285,0,0,0,0,0
0.269481768114413,-0.148647268130702,-49.0891839402659,-74.3766263006213,-62.6308969610726,37.3904470888884,123.716173352577,106.438742241829,83.184660706977,118.727082364032,-46.8004415679038,31.6306355013939,16.0855399956666,-48.7102964726495,-18.0451324678662,-117.749235024993,82.9922792558762,-32.3748492079043,-102.552457345695,-157.045025081325,174.534796849072,411.963058701487,-202.125393861193,339.819577825119,-51.5732897949689,972.268194750435,-30.9343084402904,-109.806138337276,-298.90731952644,-322.003171974429,-52.8171368522083,0,0,0,0,0
0.27764118969973,-74.4715416014246,39.3766533821047,-17.5641872436344,-31.162968992738,-4.78825299995019,203.772609580826,43.1026764632046,167.449665689886,-10.4631346087178,-45.0632336173072,14.9751334017046,-45.8410780038708,68.8105059240468,-94.7826818801029,-141.299778647262,85.2279743404168,-35.1487493271317,-125.859208442035,-551.690160657665,393.956223347686,470.242960607812,-247.432567510909,382.126954889195,-234.789599417118,26.5185126702109,277.042862840251,-8.31888064006382,0.601224048472849,-156.304566493356,-116.127320987187,0,0,0,0,0
0.296692152095296,-5.09546959011254,35.338714156516,-69.5398423859493,40.9676411870701,62.8243079513656,145.403118722602,-103.041345130862,212.012184618511,-207.356375418698,-162.199190286846,35.5212085820205,-90.4053051760964,22.6517447395827,38.8578582009649,-117.898070318214,73.8909562462691,-101.347318347115,-91.0829209169218,-115.381089209373,241.701369052382,260.272734384643,-411.368997518856,373.656269340758,-65.3178324541995,-472.767469473948,-76.2932218923475,-424.740798801967,-68.3814946025782,-361.120895145621,-40.9209918660828,0,0,0,0,0
0.308018577946214,16.6202456736479,-66.3160242935453,10.0444143898108,6.06172495219291,17.4304054301005,131.906816869264,43.7749464258805,74.206876596474,-90.5146962125185,-74.9274165533618,38.6341915800001,-2.54657537819402,-34.6739146323373,-138.056551655344,-151.074883890306,58.1125180081674,-41.2988444134475,-90.1700516507459,-146.98145454961,539.297974632415,412.101542058314,-305.06243311699,214.581976096098,-44.1888905301001,233.682133076092,-110.249540716267,-135.132674109123,-2.10098259426002,-271.926276522837,4.70998275491853,0,0,0,0,0
0.317067002020562,166.955917553147,-73.4598936380496,177.4239348802,31.747867126165,-2.39570756713355,41.4961289457878,138.001734216906,-26.6922049140881,133.100762499148,-0.0227675605379879,65.9352761112342,-101.812847421351,-52.7340325236227,-38.3138396035958,-41.5188540764473,76.3134843936277,-1.74199271985791,-115.806138274868,-325.827236095321,441.589914981835,434.22998472415,-33.5129398001641,161.743943576623,-115.184024304838,-189.597412161361,38.9128234701198,-594.222313772151,26.3772467903491,-58.6817012428673,109.026785367632,0,0,0,0,0
0.325816939800846,16.4629628653794,151.047741879509,-19.0633067919418,42.1426204378868,-12.2885642653403,92.026130288173,83.2650509061509,-9.40841584146375,-78.3387433525369,-70.1480134382396,43.7672004645494,-119.534329734827,31.4366655991315,8.45104814206391,-140.813649426934,53.1176401102742,-7.91641897413425,-105.371811622392,-245.519782553098,95.9382315337495,380.432553592792,-30.6218183066618,7.49045283666019,-47.4220068328285,-119.398634748153,236.091158957282,350.037584467176,-240.395125351848,-97.3057299555045,13.5283680087618,0,0,0,0,0
0.341751387881432,-5.05121070467696,86.823397077928,-18.3915465067402,51.3601968224669,0.948158504552828,38.2459786181389,90.9267636783135,-35.4870510001461,36.4397242777698,-11.0555761218082,36.2792692099971,-134.155375032626,7.86789698087328,-50.9200942899868,-123.541090680466,33.675561795305,31.2319248426964,-56.2997937068109,-27.4169981987126,281.221720161847,-96.3311448410356,33.051707903873,-38.9810191084134,133.707350356975,-164.611530377089,122.675254922391,-194.627035080367,-76.9167232806982,-169.718386711006,155.154916424852,0,0,0,0,0
0.357775321302058,-60.1687575881312,-68.9481321081342,30.8469236505519,35.4250017010932,-7.67478398535402,33.0217141806984,-105.220814279148,87.6132953738853,24.5968976745928,-5.33871617193441,24.7839695388726,-13.1026544727604,-14.34995025849,3.78876779316627,-43.468939327511,38.6970644613015,6.32396254183234,-76.9270251248335,-609.412277872392,332.120868515751,317.674424060849,-152.98282687976,-47.7750095115574,68.1282886363402,-949.667223526685,-6.29894340535963,-192.263556361279,94.7600329704541,-104.954775118887,83.7903699025098,0,0,0,0,0
0.362770742874675,28.2860847592112,-36.8719295837656,-31.0874822865037,44.1466926566347,30.3609165796708,44.4547192652159,2.06132676982378,99.1505603214941,-43.9569180690931,-49.2062587036981,48.8383464776946,9.47168465180749,-42.2242233435968,45.9461880819483,-88.2437432070108,35.4966050074338,-38.7799143013714,-98.2720000425424,-38.3244633264843,272.723237115702,-177.769125065975,38.4915508184677,149.32249925521,132.613887878444,149.750039602508,41.0867541354776,-662.545861376106,-131.477072453834,-1.19748737017584,231.879094702137,0,0,0,0,0
0.380136264958831,98.0309921175342,-151.006912907873,102.34993167862,89.3088862693433,48.2702346750654,15.2297775898048,-34.3523661769916,-59.5953269439972,143.720832394932,-60.1918755774727,83.0067505551031,-105.510644349749,-126.997987805273,44.5998318472735,-37.0537274860696,58.2010454172339,-33.839524314232,-160.859007015922,783.685419921013,-336.648951307269,-203.520418473132,-423.619864236941,303.587538213885,115.146185202031,354.964663876957,2.06850953801872,153.25849239681,-396.009575051995,-34.2554304609689,169.874552781527,0,0,0,0,0
0.394790170488683,117.423509773248,107.075180916071,-70.8554718388058,61.0339154536498,-45.3122566209342,79.5601406502554,230.02475992762,118.722478672459,-87.1774259462743,-46.4996960023297,70.0059866047873,-67.0740658399067,69.382782549343,-96.7109081160627,-54.9942503777657,-22.6060774250697,22.7568417509514,-157.066324893491,51.1798136144676,-166.431676427956,-215.712421748197,-112.614703556712,185.207638934361,179.023497304646,-327.157402843851,-105.330520025144,482.21243632186,-349.115750253469,-67.6762876098411,205.379372074203,0,0,0,0,0
0.403893813108895,54.799051732471,105.585022607537,-197.238150644741,9.40312728159477,3.48005144364936,12.4038628991819,201.646592410036,149.588619406145,-112.270380708623,-24.4973644703728,57.0439080302958,-167.505334386901,159.45460814099,-210.752980137519,-21.2963938555742,-144.386542552114,64.0385951496488,-213.069784506338,-935.154985947038,531.064474499052,414.866409959387,-167.273535979345,-38.2343624597874,126.366292739504,222.945480951876,-244.723724904841,-711.967101889802,-20.99015770498,60.2153756843267,516.591345729743,0,0,0,0,0
0.412426030502775,4.98722359553883,71.7804961631988,-112.308203783916,-38.9936796286038,42.1727965261548,-27.9149503821045,-331.691114438286,131.647524400282,178.806220649772,-11.2785952184571,58.812079899409,-33.9627438448828,-42.5020873865873,110.432792251896,-179.142267852717,-13.0201979016712,-45.2769300252277,-78.9149791872583,307.48768813227,-200.986933700985,-474.305886237377,-7.78054396577789,-204.447990771714,215.106654037077,407.494538982884,-195.556301930374,-565.012508655902,-60.5981910249271,-212.192661950402,246.404621476531,0,0,0,0,0
0.425357191572463,-67.2192546832397,-84.5699855649345,273.288696291907,73.823101295579,17.0455205621397,-19.8768346257454,28.4998677042776,-490.754498706883,288.768213149211,-34.2082600560895,160.505194495194,-302.531411752156,-19.9291769156651,27.5756034167344,38.5656782728956,67.7480904841414,9.09721357903358,-232.134798167764,1329.09020438734,262.708005717958,-859.481958385143,60.6138256713336,256.662198542321,489.463777849976,-165.401400238525,43.6442347439581,190.34899790967,-410.163178532889,-259.675756068626,263.879221602439,0,0,0,0,0
0.443456240025139,116.606156604765,-187.586626648046,-33.1972836604574,90.480216108896,8.4594195283958,42.838600481044,237.641963660665,59.5221061313455,-144.439043825389,-254.680460830731,56.6911446851837,-216.596605197579,105.795066674012,-607.565971605676,220.518152742122,35.3783872303897,65.04845803155,-425.797146949483,-755.581418878164,263.036060722381,1534.05020476649,-967.38575803738,849.662094002273,3.41209082308082,-385.9214020115,187.75360118133,1488.93864666903,-608.252671880393,249.672986529872,241.489633857931,0,0,0,0,0
0.451682558154459,45.386397090819,290.530332585821,-260.383251529335,-43.0614176937267,-12.4154196276872,83.9002146542451,184.454921759997,803.984026062789,-256.850032643531,-272.018976308505,-26.8897049230164,272.374300560919,74.6448653873866,-314.976979603386,-114.733907524048,37.8331649036592,-1.65203119445502,-69.5512675092888,-380.919236173942,-78.8933641032615,172.225532313797,-190.863254122892,402.840079024914,165.067818498728,199.449147205427,201.930401243418,-561.350735027138,-598.084895038366,284.494941917751,461.423639717036,0,0,0,0,0
0.461462611661967,-27.5959207965772,-250.513266224039,-97.1259209429901,27.7563863215473,-26.3601016124541,-18.8447528849012,-346.676842620717,89.8076536912406,-74.9317796920252,-9.09807417151452,-9.39522739641697,67.0599060389449,-137.997127951935,190.141881083449,-35.404486404363,-21.0859405993592,82.6702056306496,-70.2929478955147,651.090157805422,510.972788700575,48.8593829488486,-735.660829127576,12.6712452624139,486.010952282619,213.743235030572,395.149023665928,-549.910278532148,100.488401556747,-4.18576881256834,498.918043592906,0,0,0,0,0
0.4716374222615,-84.8802578248405,328.852622681709,-72.5506312419262,39.0896288034978,47.4984400464207,-202.752189529135,-205.349699797517,46.6593626925495,23.9325343863874,-56.8876622803184,19.4114675023505,78.0457835970742,-164.974574843256,81.0550711219937,106.799803122113,43.7297199428823,67.8428413872006,-88.3662187569812,663.059697645284,-937.617010110566,-407.124780136782,-400.186071918995,510.613242069837,261.784269560146,2.18025834807754,-184.370347726331,-1261.5437233093,470.168283447281,-329.595613958556,245.589427212365,0,0,0,0,0
0.491173253978401,-1288.47059505788,1144.57473714078,794.876100077268,-70.897472386904,-88.7079794731234,-302.481522878621,324.096499310211,-756.606607270142,619.531963728504,-213.77995355195,276.166346840196,-182.990664277546,198.646739957273,-299.666249221338,137.34416067306,73.3096473571127,150.77303316142,-411.899792790477,349.105072851895,-355.573536132682,160.460174501567,23.1562326168585,-9.26905981387436,-52.2301512081885,424.262932693503,-341.50483511292,-10.4899906457092,-672.650567905971,97.3336781672595,281.360289514501,0,0,0,0,0
0.500336874620659,288.1940397815,270.181912295156,-300.202124772395,-102.068722422614,-206.138792343712,-368.247939720805,56.0377299575138,401.270173445768,-191.128686105092,-192.129359854333,86.0579424347534,91.0613111809599,-140.094324893785,-32.0215599757222,-238.160352319434,115.077481162752,-10.0067374924132,-141.094998643026,-143.096346141508,352.237159732944,121.0815236582,28.0188649787568,196.132054851298,-77.0518786915815,-93.0626586794425,201.135423597505,900.606374317186,-1012.68183423221,34.0229074742048,37.0249287219288,0,0,0,0,0
0.509334662514968,-64.5552822184045,-33.9117314035224,4.69535134725653,-91.873091521352,-15.4914851695375,15.4560925713813,34.7261548383068,71.7344935885069,53.1404353912145,-50.0404433544884,-38.5616341004996,67.031293047138,-124.409570938148,90.2791123346201,-29.8646662357791,42.8040999734863,-13.6405415777018,-32.5353388718193,468.656408201441,-238.369828835673,-287.258547447292,-612.044772051795,64.8151168743686,126.298216757153,513.710832725804,-156.560286520279,-422.38383810158,-229.412336851699,-230.336180608848,127.371178290135,0,0,0,0,0
0.528685588524136,87.8990293759029,-11.2221580157197,10.2901561641981,10.5288502021336,50.61127230522,-11.0042458351583,75.2684894388766,9.22173251687668,-24.786671529504,30.0324457666666,48.1840026999107,-123.004232891703,-73.3894819254829,-32.3425604891401,-120.236272172518,38.3759836274578,-41.4657602566321,-50.5472952850752,73.3907628862266,0.886510781007609,199.079461472551,-289.713980749516,277.454332208369,-62.2049551910589,-115.956435591034,-27.5710427169391,385.053404542498,484.967342795125,7.05404489340865,10.340713376563,0,0,0,0,0
0.538784706990399,144.218059633499,-2.08240272879865,79.5431494830598,63.6016617245923,13.920380856653,-57.6735645097724,156.599226307483,91.978007747676,13.8446639647398,-68.0058432407042,49.0864102721571,156.958120125876,34.6003200731722,-228.774431174891,-85.3589193954641,0.642165871290897,-16.8471028488516,-29.3096026200779,-283.014175355912,143.000897292271,398.437639616507,-132.136278705474,163.837152411431,-113.79105690331,-212.352746860403,125.520047033143,5.03996673980246,38.6346508419162,-104.992642978067,-49.3272220311554,0,0,0,0,0
0.548282262607953,-112.953278546796,114.585197179251,-52.091553855543,-2.12640341426002,11.5177275132154,22.7554029426929,92.0321722682128,90.6494995845566,-103.990563553971,-55.0378398774634,9.29420213243455,58.5133045544485,-3.368069170591,-120.603181536088,90.8792847635215,31.802595146841,55.4901923052226,-44.8850008107147,112.328906815534,-24.9098970296354,79.9853405105252,128.111976360838,-82.3230791683782,-32.1947785186884,-98.2143708739136,-48.2011353270079,-96.4799609132755,-395.956494517589,-119.987567869616,-22.5987056539177,0,0,0,0,0
0.556680598187984,73.1338446566612,-105.962689174725,-34.783411216605,-37.5987599750022,-10.6796145187182,62.9767383628259,-54.3732188459014,112.092816377771,20.406783905953,-15.5253988326548,-15.2730161405947,8.95413600331443,-52.8020080660711,-23.5634732297324,76.3279160667033,39.3627063885004,-17.3484786051918,-9.55196096284442,109.277671133239,-137.779232205878,137.308106424214,-116.021546192355,-10.1532493849993,-146.137058106047,-110.592647984336,-130.961547137715,131.02309976153,-463.487269122149,-39.7981796234183,-80.068710991734,0,0,0,0,0
0.574170746675546,-25.8826461067609,136.018745212497,-23.0163095294646,-20.5049577154523,13.6440231942715,95.5094062153485,136.419980040261,68.1227677003521,16.2540529486767,-24.6681224218273,4.12918140107326,2.99771460329049,6.27680551427196,-131.068141649581,-78.7959394724477,0.872783306587619,-43.1673501287938,7.34877976150229,-75.0325932261768,96.2839731651038,232.103313260455,0.738041279470471,13.4207403112384,-169.832292955677,-222.832384151487,39.4566334932487,106.099349172698,-157.577379764554,8.85089486615792,-104.619429822706,0,0,0,0,0
0.587884551666779,86.4034532584233,51.3902380773587,-50.7532772788604,-5.90999481077703,-3.21988343941204,38.1774890690829,42.7795780370849,151.093999703276,-151.860528064691,-4.22309111559747,-19.0483498089029,-4.56952248184225,4.60903106127777,-152.081254314397,-100.050023453532,-6.82107581341123,15.4230573770787,-19.0612686621679,-43.5491681259652,141.905156087661,261.098364217112,-3.26148793467848,28.6342137319841,-22.9233014325744,-65.1534200207886,-38.7677916370442,-113.465181034193,372.774290941801,-31.1294056918024,-22.3792164604785,0,0,0,0,0
0.594910981386245,28.1689424354673,148.804740702449,-51.8043763972143,-10.8529814654768,-3.26150739412518,8.87268852723108,46.3181418882369,141.07434367511,0.298219355532717,-28.6525986148171,-11.7497408779599,65.2807206673028,69.5131175748012,-60.2517189594537,-100.346995365332,8.76255004960429,58.8094201542245,-13.1635094630103,-3.36012540371664,140.013511551186,82.1794837991099,-26.3419666451524,-39.2668923812858,79.6610035756397,-219.597733023769,-127.405743860874,-139.798014178818,249.875827984946,-169.402123135911,-91.2804402541107,0,0,0,0,0
0.606632661127523,58.0882944359653,8.75302357946886,-28.2271583535223,-13.8806564133546,-26.1497749585982,18.4363315743382,38.0104741309439,-39.9246076767973,-100.118290318272,-1.08648358990273,7.913812510795,-7.83904955734037,45.0891854174337,2.3698367419988,-17.3909100774929,-1.17640482731868,-6.31548122851925,-14.601655916133,-93.5872045554407,207.190371509847,229.904906881219,65.9365750982752,49.0212716896234,-79.505069692409,-164.680771975993,10.3001995717937,-360.850012454559,15.3975275739837,-13.8831094952831,-81.417990197128,0,0,0,0,0
0.613395083793392,26.0763877216951,-26.6377851198531,109.964538749067,-1.98380718069654,-12.5315575008395,39.6595993214879,31.2142423377048,17.1075847449079,-92.2142652793157,1.04902861868872,-2.48645777571112,-4.12546410934652,-53.4660693889254,-78.7833498693026,59.3321838875005,-8.05392157925907,-52.0194261142609,-16.804720984452,-56.6487675420663,58.6411827121689,290.443874821583,-47.6445296034992,47.9950282111312,-127.313950371481,-83.3441339982562,-97.2699439717289,-164.537856640289,-241.083855186253,97.2975703287578,-25.2508414874663,0,0,0,0,0
0.629394040052995,83.7387161304782,79.5678195493322,-4.39026390043431,-7.92978416791802,15.0282161568336,77.9082976626874,101.019718300945,126.989237833969,-44.4687624557116,2.83477655741466,1.34543053574497,-11.2514526440866,-25.8204864492792,-152.564078693639,-135.207823817105,-9.54388527735757,17.3555804788893,14.7345935719178,-25.3161909301921,202.306546955236,187.59507525402,8.66862067432862,-45.8154168539947,-41.7389906410739,-152.517807003549,-9.70291383019137,-70.9554599905168,-184.588891796061,-82.3618617766915,-80.4269030260265,0,0,0,0,0
0.64545671401515,56.212828362415,-54.0415462858566,-55.7539667900107,-20.932399777142,-22.4434690723764,64.5999908110582,-2.76353096788177,82.5958641336515,-63.9073541469773,8.71551202619589,-1.99341273381977,4.99882099318346,-22.2757474428499,-90.4116638724126,-106.406455486094,-16.1767249451511,50.8691432493738,8.67411455737034,1.0515306666887,28.0264401891377,270.920713406666,-119.607530282479,4.18920901312532,-8.96221391001147,18.7314352450155,81.7274277900285,-406.812666757598,274.617251567217,-22.9167429232955,-55.9345822454586,0,0,0,0,0
0.652866590548734,1.8508349323148,64.2784280013684,-21.9249960490345,8.65965150415383,-8.14474486733478,24.4712858946167,-1.92991076146128,134.890886078001,-77.0707365383551,-4.69424703392664,4.07284346412937,18.6217386714868,-29.3720146744093,-78.8657618501943,-106.198974909581,-6.53714728520636,31.2944454519367,-2.45091371310547,70.1856177177184,5.63267156513088,58.6398848960975,67.7922606516406,18.0327690613954,12.3765234062508,-75.2914350706665,26.6977003113375,-194.545707893042,177.656047024542,42.7954550555997,-40.0831926444194,0,0,0,0,0
0.663780326530994,108.567295798013,-0.821240139665093,-2.47966755788508,7.36610423575132,4.50388564991412,14.6286770586042,13.5839975859351,85.8186613062101,-61.2828219987692,17.3607535791008,6.30628980300202,-20.4852011061629,-5.36039310637803,-108.679892484197,-105.984809273134,-16.4157151480268,8.08848106898227,-11.2177137307715,112.578712914573,68.5160622952608,80.6208606291318,32.4805241705468,-22.8331490431026,-1.15992094428113,-4.46681279978833,17.3009762998532,-185.084962863407,-8.13413032260209,-55.9483526800547,-14.0440002776535,0,0,0,0,0
0.67227292924083,21.5707361205366,67.5057420623268,-19.5459547509621,-19.9362993177013,11.8137264349222,22.6109532319265,66.6363397640391,97.4887921674467,-16.1554680747745,0.866994981986809,-5.36441588395347,-4.74412089401867,-24.0231745879974,-88.8982114409957,4.77514127456479,3.41965956815664,-9.50748716755544,-16.3042966225768,90.9441015552119,-40.2480737753189,176.37499146748,-64.7141069269355,-32.6249831320831,-10.8851030536066,-95.1706063759167,-6.49755369403385,-66.7582580683645,-128.748278307661,-29.9262673363518,-20.6242353427299,0,0,0,0,0
0.682910394362061,75.1862673660089,21.2498412888006,6.95475692796713,-6.39416854564151,6.43180904670532,33.2007584661704,55.8547810472173,80.7804836911236,-49.0827682951586,7.09386939191202,-8.54335444858818,-11.9340546114532,-24.5426581584992,-84.4082391584312,-79.2286678377104,11.289281821131,-1.62685556295597,-12.3034752133524,14.9072449996146,110.771604903015,110.361751603095,60.8100692172879,-8.75097325567301,-40.9479165458037,-23.5154304457002,-11.4541507712171,-183.22642225463,-205.877412045085,-18.4646926451874,-18.922496644651,0,0,0,0,0
0.691304247265451,42.3723982363372,64.105553958573,-37.3775637315723,3.59697658385503,5.70261660545611,27.7660225745187,18.7228322297186,102.844476609252,-59.1482606143721,3.58071014691392,-5.22623496378042,-4.9645948738509,-17.8875404951551,-80.9667301388941,-105.035134909635,3.40131051761573,13.7090895469958,-18.354732114678,57.7856638874259,-28.3116793800604,159.061281248983,-28.9320549897236,12.9865108779447,-1.0457385766719,-25.6056310239004,-61.1170617820007,-90.1759474481097,33.9913713879829,3.83553662906834,-13.3319283361136,0,0,0,0,0
0.702778815864529,88.8183410551289,63.2069888717579,12.518677414554,14.0869870206445,14.1885772505288,32.0544230819597,21.7727639917703,100.360309700519,-50.2292997667169,-1.64382534837447,-19.2525903039111,3.32529038175475,-11.1607033425707,-104.791099161308,-83.7206344347194,-4.09160992307122,11.0690752045629,-6.87701099885233,65.6970613562341,48.1937524131631,132.00856132789,-13.4680229250109,41.7790404166156,12.5150375279476,-35.4755753734369,3.48421708159856,-121.010093947056,127.346939780385,-26.853635610893,-12.3375263785408,0,0,0,0,0
0.721771193810591,48.6307617065681,45.1973451379696,-2.99472674949214,5.35666950776029,6.023123607975,23.0069672019118,29.5643575341668,78.5581177787496,-41.3275705185185,0.91704271691709,-3.14953237107737,1.58040424627823,-29.1569241733933,-106.963318143343,-71.2704799070587,-7.88632634751447,10.2445484820104,-9.69280375358054,50.5412515256597,38.9108170104379,97.9725248879624,-16.945787595098,17.2307477847878,2.45236787626691,-27.8529732398909,23.1252865448795,-169.416229907705,105.348601030898,-1.49071157842077,-19.4903684388047,0,0,0,0,0
0.730738421100021,35.9256413756845,23.4549265041733,-32.0602077099636,2.59571038940887,-0.187799443693468,18.9097896725579,41.8889357035346,113.085774602459,-16.1050469723063,1.30279897463223,7.43961238196119,-0.925149390282021,23.9438350676225,-107.853808563608,-60.7616515726277,0.581865430386353,6.5172304522575,-26.433316562893,39.2729196564786,0.113409652650813,198.209706002116,-18.1386556368647,7.94481895450087,-8.93255396093326,-41.3815519453162,-11.9152114732249,-140.801188761225,-20.5499721867446,-6.63247211976735,-3.30341421234583,0,0,0,0,0
0.74049858398174,-10.0067374924132,29.0195387279982,26.0175174802743,9.00606374317186,3.00202124772395,17.0114537371024,71.0478361961336,104.070069921097,-27.0181912295156,11.0074112416545,-4.00269499696527,1.00067374924132,-22.014822483309,-80.0538999393054,18.0121274863437,6.00404249544791,3.00202124772395,-24.0161699817916,52.0350349605485,33.0222337249635,136.091629896819,15.0101062386198,1.00067374924132,-19.012801235585,-23.0154962325503,-15.0101062386198,-150.101062386198,-113.076133664269,-28.0188649787569,-4.00269499696527,0,0,0,0,0
0.749909525241489,17.8634037717627,-0.817646030154288,-23.1752351685311,-2.9735219447,14.9922815667617,21.8893320459494,32.8032261453614,92.5284609499385,-83.8984098660389,7.48554676643291,7.80723353622781,-3.9376522450597,-45.1413016685821,-104.120588332642,-36.2413624726219,2.96433203312205,6.40302665271377,-19.1751786579692,84.5146176396692,20.590892937906,180.380804872511,4.17685087511446,-3.02039338943064,-1.55379868111596,-50.0910636596395,14.296602657348,-141.028421654046,-48.8310558217311,-21.5522007555989,-8.94778554666058,0,0,0,0,0
0.759316876877623,19.6401418291091,12.5648230967625,-49.8179746044703,5.70883249204621,4.91617694657339,15.3259514447998,41.2574858774113,96.9539122621115,-37.5997495006095,2.04684181168043,-0.937395687392672,2.91105861470032,-53.2466611173228,-109.658190719423,-52.3675928110666,6.74058344114445,1.67719418623726,-11.3003358297438,56.1547970243896,16.8434992757416,213.324632818275,-10.9240230730389,-1.45556849136919,-5.11490279467004,-52.9349091082584,-35.4115528893251,-53.7711378650957,-1.36788782967516,-10.9125363524412,-12.4470141858423,0,0,0,0,0
0.768545075567977,20.3433598311609,100.834818148075,4.66290025744851,-6.97942143610765,8.10645264125582,6.84681300936397,73.810952303261,111.886080078615,-72.6917763275943,-0.87800052835168,-3.92145866751225,4.9057272857519,-32.2587574858753,-124.531314609875,-38.0129576942746,5.45893806048902,19.8418088543781,-2.81101577708966,71.279478796098,46.3582336257491,165.430270256425,-12.7368524657118,4.38910451330803,-2.79216287848996,-72.4931272163094,-1.67567303121663,-107.378450969279,76.5574569581272,-5.6905586200691,-12.9868801690286,0,0,0,0,0
0.778525900354611,54.2256292193361,42.003027206986,7.01881828153396,-14.0261901715386,16.6428698512806,12.42469295576,52.0109546443638,45.3114271756167,-39.6744554764355,-5.60662821920778,-6.55024087113284,-10.6861185758383,-1.80847144907817,-88.1508955573284,-63.8902446780791,6.04785179683461,2.08538995898057,-5.93865231214469,72.2866289490025,-2.75409591410449,176.638306063756,-34.5921560395014,9.75652246984566,1.16824001661958,-43.9851713438162,0.443186396093046,-160.804734990302,10.4479122438121,-12.5612421474293,-8.33373790753673,0,0,0,0,0
0.786417545923246,47.4525215605558,13.7479576426592,-34.6364451278472,-3.79856665941993,15.7195966838225,18.442551828626,34.5615818945704,102.492115656721,-26.6959673682797,-1.86256373155113,2.75074372145113,-1.85607301275897,-30.9688998273167,-105.746645064126,-72.0320470678867,7.77715401499325,-0.218424123172894,-8.68177978827066,81.5804723033071,34.0207158690136,200.214366660565,-39.2430771094638,17.0772071023032,-12.9344685425408,-44.1762380062889,-32.4409756466587,-144.164016853066,-69.647258160416,-10.8905592538206,-13.7427194846009,0,0,0,0,0
0.804435392645289,45.9339224490899,26.9156285923199,-3.29599972287041,4.56703487857023,5.13892348115003,17.7257904355132,42.6882864593997,140.965985788158,-7.90389086238953,-1.59314985075968,5.72352936469213,8.93831629919988,-54.469427757251,-90.8771912032206,-62.463291606876,-3.86895983177915,2.88838985100362,-21.4463166644349,64.4201078287171,40.0098709669068,110.085315746847,-17.8147407022253,-5.50234842953196,-21.0069830963426,-32.8192100180951,-44.487890596914,-187.491052863069,-71.1702061887599,3.72303201219514,-10.7999721271675,0,0,0,0,0
0.817416600758741,52.6404171496673,4.17376688404286,-22.3347461760911,4.13984995534937,1.22538957034392,11.2457160769792,55.6851500826774,76.0051660643395,-71.2758431261586,6.42944544555278,8.98819599763141,-11.6355395104648,-41.8746188501893,-75.1924035581633,-74.8926371060472,-12.856941847992,0.319476412850718,-5.4384225784969,62.9869601821169,-1.03614936909095,124.825682454177,9.47879396528039,-17.3055962411867,-15.3666669738585,-24.4819984670269,7.24379378115647,-160.872932464561,-22.9638656142167,-6.95221472166871,-11.1927107647412,0,0,0,0,0
0.825433630815184,5.02366022258401,4.45849306067494,-12.6909652368913,-8.5003257875071,10.7664670909926,11.6563362025012,2.47162198344259,94.2512574022572,-55.3587134293167,-5.11545627241004,0.100157096344549,4.99463096571513,-14.2463803695288,-95.4806386073646,-49.4101499023276,-7.36244096174272,12.6243294098162,-4.02891556610954,70.4975203844395,20.6694189269179,194.872824236304,-2.42296326967711,-17.5127753041307,-0.259219525987463,-7.2716678937602,-13.7602990527427,-153.046157060077,44.5018001474248,-22.7377496485856,-6.35791540103757,0,0,0,0,0
0.835642063048627,-16.3433741873555,22.2841160475129,27.7129211652344,9.5727496698817,14.5775866255569,21.8125305783149,58.7233941558018,88.4038602760891,9.38844428059166,10.3177651615096,5.79918819835369,-13.2733957536131,-13.5991814603774,-92.1859810207319,-58.7957468254292,-3.57640179269621,8.4112692422589,-15.930458607573,81.718219732068,53.4392828560399,105.090392275734,-9.51262442340028,7.25564471767615,-2.58461902729761,-31.6295678861749,-7.29336535661413,-135.140313696176,26.7898509715432,-10.9522998693469,-7.68281569811424,0,0,0,0,0
0.844936672719807,-2.68422369978862,38.2634575153906,1.59882675542103,-8.80317020220131,6.16880488259492,30.2971019105132,50.6691886817091,88.2198945343607,-69.0797922102269,10.8854568610932,10.9908404351935,-35.6788932614102,-26.9974056953368,-94.5108023753966,-33.0836118840439,-2.27417659293303,1.44949929597819,-14.379184682871,88.6676836249535,2.70820564545461,74.4858065941546,-5.46465071040392,10.1783118980815,-12.5311157342869,-20.2201270994026,-12.2669014483112,-154.010939211347,-13.9857268641744,-7.29772830044787,-21.9614125151118,0,0,0,0,0
0.854219924640805,1.74084792240482,18.7313298179516,-56.3683448222834,-14.0924016817679,12.3121083413021,22.1107024079649,5.72179655734573,104.994057202863,-51.9354262793914,-8.93515162796909,-4.29513797794628,10.5796030643548,-12.0575692948465,-98.0786383966426,-98.0037497816345,-5.03189412112046,9.54652135260118,-12.9920837018323,73.3674167192653,6.19733055785117,121.253676784466,-33.6176882330343,-5.54258881117608,0.468768336960642,-2.20684838204751,-34.967042313343,-162.180050215695,-50.3391944117333,-7.42940007111892,-17.7495260868303,0,0,0,0,0
0.864540706573844,31.3669535198563,24.8460679838164,-73.8768100783154,5.18068247606447,11.2406599561927,16.0033339855841,19.3949225480792,111.175875926768,-26.3281712343901,1.33042940071627,13.3398376197393,5.44003996317115,-11.6796000743331,-113.865894587099,-58.1440497195765,-5.04264846770514,10.5902643547183,-6.36214853646958,58.2294100133126,35.8435771886433,100.550319760887,-23.7526027833132,6.52037160941191,4.41148631788597,-42.3614306104804,-22.147128707773,-110.27283287062,-34.8730594001679,-16.0710749972487,-14.7475929213211,0,0,0,0,0
0.872487288803538,40.4543337193423,0.0570574009826436,-6.77570733194246,-6.51547411510499,1.938854030088,14.9496377856963,43.4946798567435,91.8202206776605,-75.7024676326672,3.97312314729904,12.1769833944816,-13.6496140102896,-38.705436658146,-103.28382106808,3.41798016475527,-0.366152628487335,-0.761588659335961,-14.6943504269856,97.4079530874079,30.6578381477796,116.793591637827,-2.44105187491686,-8.43182914572073,-4.10133740033073,-29.7463057032685,-3.91906399342248,-225.00834442776,24.7320414680758,-19.6053895130865,-23.5483006765287,0,0,0,0,0
0.886239662133782,20.8728167435702,12.4137659843386,-31.8518993969773,-3.56181161080471,2.0283750770546,15.3864298531977,59.4049747245161,106.851847878642,-76.2983852099739,0.3149537119256,-8.02795652249845,7.64682709423663,-2.12830232434991,-88.6891913065555,-55.0325744037096,16.3806575302957,3.40869343566173,-6.31105761389204,81.808147962778,43.7839904049495,150.431992195337,-8.16798908341816,-13.0334089064853,3.61015065547388,-31.7251584178707,-6.18281855529414,-179.767376982525,31.6796393969108,-6.04820180455484,-23.0474502876568,0,0,0,0,0
0.903947265667901,42.0111659037751,32.8383302170921,-28.2186229133717,5.79461631190016,8.33112389500806,18.9135060956491,-3.28389587212144,123.507251562373,-63.5012592069068,5.92277478972433,-2.20192624008036,1.25412866958744,-2.63251793575085,-98.9198856595108,-36.8594768118452,7.55511908754369,12.291630335173,1.72103436203747,78.3165180638663,19.6138404843819,168.495367337651,-19.1950395698377,-2.61708646269456,3.11470334297495,-50.0066325188739,-8.10150614842696,-103.78439182585,-4.89091631863641,-17.9273576305328,-13.6701733781223,0,0,0,0,0
0.911937169669557,63.3254611709382,11.1683675657972,-53.3040127773923,-1.80346985318469,10.7202749491766,14.0618935535228,21.8557257894968,81.9734113969288,-64.4716501428072,13.2750051172747,5.46431179290737,-10.6750464384781,-29.4632139843834,-97.8610246814172,-73.6074070260952,-5.93833502883674,3.95849464924441,-3.6561602465393,113.026049399928,19.038420103187,118.956634737969,-14.3891683686439,0.771855648658549,0.250871085767819,-26.4352438039508,17.4400304574039,-189.312798328337,-23.1991817922671,-15.1552737255741,-14.6347526472753,0,0,0,0,0
0.922096186753861,44.144763580262,89.4800268479128,-22.5951579601538,-8.46009835762542,-4.73379811568821,15.4922269895777,18.5602025921333,123.14470264814,-47.9287229556483,2.54114802840449,0.942776442805292,-11.9278302544924,-7.15344134298518,-97.4620617347783,-30.6172335801203,3.70380790596074,3.95453924649944,-6.2651431736602,42.9136532153163,21.585590273902,92.8808963834791,-12.8820541444662,2.73918696387621,-5.74846547950129,5.15634089895269,-50.2178088971713,-121.40089812441,-7.53709945276205,-2.1819959953366,-3.49205335327744,0,0,0,0,0
0.931700875869309,43.5693788280967,57.4589948931151,57.4114902305598,13.8387805615768,3.90510750284944,16.2049853414467,24.7176516058067,106.813052069854,-51.9170202045718,4.58814067297846,3.19713150616199,-9.05795094433482,-19.4712472321415,-97.6569607276911,-44.5449544478261,-7.79027528778899,10.6281635988958,-10.6746632954267,59.1211447382487,12.9461378320263,175.022952845201,-24.0648520743223,-2.47944837733296,-14.4481785573768,-33.528211964263,-23.8777309742313,-128.672948747388,-0.87292425582064,-6.86453232800913,-7.32943471689724,0,0,0,0,0
0.941143784274058,52.0569019400731,13.1133202891473,-56.2801688250772,5.72403500142487,4.36459353296229,22.9695358249287,19.6503283193973,99.737380002555,-80.401949951751,7.51503737292069,8.94768317254706,4.76362888459201,10.1841936512102,-97.6994778338829,-45.4310367813985,-4.12667088231453,2.54180066017035,-7.37482939560024,79.3459721209894,12.3336299365,197.534769106823,-6.36988579320386,5.35702109879727,1.53232734409199,-41.0389635368189,-39.4668713321831,-204.479630183543,0.262465955542394,-12.656809406072,-14.1143341106456,0,0,0,0,0
0.951109934179484,34.6102062327107,50.2011451343601,47.4267797383989,-0.224767438128345,8.82274345172251,26.8221686896659,19.7534563153956,127.668802144995,-74.7865402849385,12.986827721533,2.68831753645531,12.6645372978106,-9.91563875129655,-115.075247823666,-85.3052416974712,-14.2866801069488,4.03005011567586,-17.3420281385624,108.49824885457,61.4440967507164,219.225755139415,-25.130072119505,8.48116118920139,3.66977685910842,-16.2931611304779,-32.9024421209017,-212.692742541781,4.12560827422851,-11.4878290066136,2.60238952587428,0,0,0,0,0
0.960646837444336,19.012801235585,11.0074112416545,20.0134749848264,-5.00336874620659,21.0141487340677,19.012801235585,58.0390774559964,110.074112416545,-58.0390774559964,2.00134749848264,1.00067374924132,13.0087587401371,-26.0175174802743,-96.0646799271665,-62.0417724529617,-4.00269499696527,2.62166869385781e-16,-16.0107799878611,51.0343612113072,21.0141487340677,131.088261150613,-19.012801235585,-7.00471624468923,-6.00404249544791,-11.0074112416545,4.00269499696527,-197.13272860054,-2.00134749848264,-7.00471624468923,-14.0094324893785,0,0,0,0,0
0.96948863969095,28.8598824115902,9.58667344505883,-42.0939833208018,2.74484629331191,9.4844287046711,17.8431605592281,38.0617259745805,123.377367162376,-140.03008146006,-3.28356152464342,1.04457136846039,-12.9820108379276,-28.31526950163,-91.8099132283388,-8.49386079519519,3.10269671523382,5.48637803707873,-15.1784369729504,43.1284476128629,28.1833270877326,140.279107641743,-9.20160980972131,-4.58786832183539,-14.9654839513898,-58.1739387201344,-1.19497958485038,-156.720309269651,-11.0650196908197,-20.9306759117274,6.6108095206451,0,0,0,0,0
0.989469119965662,33.1088166116878,34.4881040272409,-60.647717585721,-3.70739156488847,11.9407981801794,21.752355900823,46.7697354352525,113.072871996391,-89.947682482948,4.3955243486924,-0.759772745895166,16.588544803477,-43.3027708764552,-91.9910470744248,-84.2860694959844,-3.02388228681569,11.8054495735321,-9.21926518234157,39.5151043066379,45.4664682665884,120.976580988355,-25.2744253928825,5.3500019875649,-7.96121805218213,-49.2613401892931,-15.2384751491271,-110.439075043086,-9.51308620943308,-11.5736180835927,-8.60112558030421,0,0,0,0,0
0.989522567560321,54.9483048078792,33.7750710623382,-22.3850388086744,-8.18362771942889,17.4621907560365,19.9708174888304,38.163252073294,142.314312458645,-25.8038348284222,9.26716915670426,0.621308610632491,16.8972130638715,-39.0229564596065,-101.765565605772,-74.3811657166061,-7.49367005767274,15.2604734049216,-12.5096032470439,58.0134002537921,43.5245993789032,108.863767573136,-9.84982718294027,13.432595806149,-3.85896849138703,-63.0910144077976,-15.6954132466966,-119.285909605017,-8.80605995839277,-15.7669705222646,-1.53364837619928,0,0,0,0,0
1.00562085355089,30.7703969047787,12.9802570997486,16.2217798368515,2.46733840447157,10.6957493620377,18.1159094498017,25.6652897491796,106.457517478292,-48.5884441694329,12.5301098478094,11.2715457141194,-1.53759522471385,-30.2778199518832,-104.658706420901,-32.1166679347984,7.75716142036572,14.9614498920661,-11.4436832929834,102.13722159649,42.875185224419,173.565911538484,-12.0247687664787,16.8096503551884,-3.37464015494361,-35.7758716126849,-18.6891430839534,-155.835707158445,9.3111502988141,-3.55865297985655,-14.3486034729863,0,0,0,0,0
1.01892026433621,16.5815815081537,28.6382646664118,-19.0128392003927,0.374644772416649,7.7444049232496,28.1989772931478,69.0208094524347,130.605378157791,-64.6626050243573,5.69848213408804,4.252952563585,11.2871823365084,-21.867894805774,-97.5633822861993,-61.4729022233906,-0.641811119692804,6.40395093278328,-10.8371210470913,78.8347650874794,42.6937168376103,166.058021578517,-10.036963773808,-4.38822377934874,-5.14563834038404,-34.8711540361476,-30.2575898930457,-126.646509116151,-13.3417536914636,-1.31237887317166,-23.0237065062714,0,0,0,0,0
1.02604119536828,21.8731586405805,-12.3430898818686,-37.7803359471108,-14.7327665085115,17.4338545011187,20.1662560160873,31.9032554501696,95.2904554747342,-68.7561010226362,7.03143152740278,-6.03389596232828,-7.70755374592278,6.18386311347971,-104.335165933024,-101.686019898267,-7.11009477510315,14.4564635005426,-5.25361892443679,76.6460542408832,45.3635365676361,152.760196582122,-2.15859332509945,-11.5400796407586,-9.22398731027418,-32.2933295216256,-6.799701923869,-153.43375335511,-15.5557576142474,-17.0285292480572,-5.73031087431742,0,0,0,0,0
1.03698008999141,15.7000746486552,4.56484786697975,-47.1562846631489,-4.74083211616027,8.48428278393243,20.196368621677,41.2205033604726,79.7549122711557,-44.0652234051263,14.6293561195063,4.89262096684442,-3.3496497409958,-5.83512679896339,-85.5197841011369,-28.2523218368612,0.757583467219315,10.123518468011,-10.4464067367419,61.4440213772218,37.6439120800503,152.023556700517,-16.1165503235264,-1.23840905201451,1.11301478204501,-25.2888939546014,-16.3245673902168,-230.477781775861,-19.3511593408921,-17.1508007375605,-8.05180413857787,0,0,0,0,0
1.04558279785177,14.6652607710761,26.7163462256428,-102.81422415734,-2.78136817870122,4.62978849121227,21.792094047949,21.1186972924717,109.653741731793,-140.907629465207,-2.73700271401544,9.8439176719464,8.78995226516082,-6.46791554755721,-103.145413447118,-44.751100420264,-1.36431498751846,1.25313481486556,-11.8519242169939,76.8559834164261,39.7092482053944,92.6146774691771,-14.0380757863446,2.74618785743204,0.511751208597952,-48.0687138697093,-30.648216172308,-167.582836766584,-6.46949190217752,-15.4802639922715,-13.8785107541632,0,0,0,0,0
1.0553229437464,17.2691356663904,20.4030396271719,14.9512476781453,2.48243089770626,3.30771302253276,25.8213433916873,6.17820564973422,102.702293373126,-118.39847535871,2.60011434330197,8.21671503599212,12.3907909714246,2.49130317766271,-101.577336911801,-19.9927775634606,6.86788463287417,10.5574017775232,-4.84655420106674,82.1434053605832,62.504652970953,116.523799556783,-15.2467616774796,-4.74020004943071,-3.58944465495134,-62.1556326744389,-18.482857583162,-141.483630354041,7.1929850117177,-4.56052538299733,-16.3827034743829,0,0,0,0,0
1.06520230012845,17.5162321563703,18.2982789202642,19.7078181442036,-4.14861013637899,8.89188192988195,20.4857054207104,23.4294670144732,109.480174467294,-17.6848864625943,9.60615390282788,-5.74928059543926,6.69221941854742,-51.5502521389561,-90.7577498142362,-86.1510547377959,2.58814205261087,9.4499332503669,3.47756657031225,67.4255577526097,41.1093131646742,89.2199376717043,-5.92814915800147,13.3150330414801,-4.18670781802184,-24.7216773185438,-42.4130941463176,-192.112995480974,-3.35327463320094,-2.41313556868175,-10.3977361065607,0,0,0,0,0
1.07364764582506,14.4044714826211,27.7066509254656,-8.38021895431372,7.25322091850044,7.24283043490324,7.41878479914131,19.5839681770014,130.485351537507,-23.0140617823919,7.64760280344243,-4.88648978589266,5.61754093526407,0.527685011817029,-142.808638394666,-38.71242339561,-4.04257276663452,-5.81188016924696,-5.98929856872401,72.0291082643882,42.2981117218173,129.45824681403,-20.98458377074,4.09344780769999,2.21552999172363,-56.7957401207163,-3.26419172019461,-141.23658154341,-17.4380994400687,-13.8717026711057,-9.14228188681834,0,0,0,0,0
1.08516606153181,30.5076098165877,61.4355047756669,-7.78324828213606,16.2740121279027,8.01193368421854,22.1432892379147,47.9234604634188,101.882598347258,-113.245594832515,11.6979567037682,4.71416129378973,2.7673053326333,-5.50790620819223,-120.898385037411,-2.71515744114926,10.9707777843156,6.03145523064192,-14.3159229058922,66.1482863731079,50.733379113725,128.261463046426,-20.9386091632133,0.566317653729913,-2.64329683117738,-53.6763265071893,21.8599472334881,-94.5409256100576,-27.3506172628953,-19.8514438318904,-9.51186028325214,0,0,0,0,0
1.0914059512253,22.9068519637561,30.1395136114131,-19.5355470080134,-4.98565017925094,18.2707188846542,25.4866987478616,16.5753809345596,80.5294111878304,-82.2150745760615,6.50996409647658,10.8247480936795,-22.5893943599205,-79.2724186390758,-95.1617144004609,-44.578834815136,-10.003074563581,11.8658473147103,-8.92805463899416,75.362516566354,41.9375103497723,174.648217508524,-8.45801170729514,13.9799360674961,-11.9286056363609,-2.8985948278657,-14.5463813616396,-181.61762268075,-1.40903752656115,-20.6280694472325,-20.4953686462363,0,0,0,0,0
1.10777042560368,41.1854430928163,55.7154520686005,68.7850190462698,1.66151899176785,6.5813688910571,19.4891743890882,31.990439777197,104.693417104862,-13.2951284221972,-2.63391417227351,16.2789165683684,9.86360797557681,-5.3860486342458,-95.6133308193627,29.949309446006,-15.7939761372587,2.97219937394914,-9.20861223131539,84.0377126807902,63.2246857556919,237.719499349703,-22.3301982798058,-9.95387290432265,7.65761816562614,-40.8912928766584,-20.2265051184413,-174.328282994087,-3.74949886311641,-16.3008388558675,-17.2044319832691,0,0,0,0,0
1.12044599211782,73.0379853790117,55.2561342956131,10.9886491455103,-9.93187582617688,2.97313708148729,15.4572323341307,78.4530164880329,82.5427012274622,-101.271634460882,-0.331210040979402,3.89120459048596,10.6020247881879,-7.43849990463077,-74.1234613222119,-47.6416318241231,6.85521258476855,8.06355761782989,-4.33046810523371,54.4059689573553,53.6180091944046,147.075576735959,-8.45808691115787,-9.57532809839847,-4.68511768431391,-46.4963835500685,-1.68368679658769,-136.630570882385,-4.70997413972473,-13.3928759742036,-8.26767094817078,0,0,0,0,0
1.12283719544375,31.260130000801,36.6841749222738,35.5948087569437,-4.00321613583578,6.21353580208793,13.5156006045857,26.1189146661016,79.6040892631297,-57.2684431893805,13.7776521996601,10.0362134823297,-6.36217147738114,-24.3344828364331,-98.631944699746,-39.738100943355,3.09505798720618,8.96375735555592,-7.81155457964793,70.361809530588,43.4319944520344,187.884280636253,-10.1772827894189,-4.44849186284352,-10.9209658853104,-32.2613839386191,-10.4644461732669,-236.674828963641,4.64044255124439,-9.48557404832738,-14.2199793406708,0,0,0,0,0
1.14356990173661,-11.1559317127875,48.7207788571445,-2.01525044692978,5.42716477892472,7.62794292797753,18.9249176837016,17.7900173779984,90.2381057511311,-52.7110103898291,8.67362356115292,11.0999370426244,3.26264447940312,-3.15591054184701,-103.540948054606,-47.7238496445555,9.76700431799163,17.2030217120521,-6.60737403195274,69.6692401088449,36.4167629450905,151.907402554157,-14.7453470226951,-7.18627104801847,2.07835617979923,-18.334881522188,-27.0387120078308,-193.410704557586,-11.0426095635155,-3.76061909709985,-11.3271785757528,0,0,0,0,0
1.15116232383017,-13.9565735285509,6.03842690774734,-72.456236090714,-15.475514261223,11.7527858667947,21.3910199721578,72.0045337503399,84.4871381642395,-10.4545412339512,6.59194138736564,-3.62898973423118,-14.2416195182029,-42.2008754206513,-110.626030380438,13.8454761172728,14.5044992523612,15.4919237194587,-7.16969916992037,34.8800252927407,53.3617924814288,158.641148579965,-0.946452165755657,-9.36191868840906,-6.16502118463591,-44.7975048445265,-7.23394189595233,-112.601456361787,-9.05126444526644,-16.6861208141704,-17.3873408394132,0,0,0,0,0
1.16146297031761,20.3534769214586,31.1004817224448,-9.88084848220333,-11.5393894177901,19.715701314227,22.7723232027215,42.5112010055044,65.8371149291162,-22.5057011501067,-3.06146708228255,0.166354350283215,4.36683202077747,-34.4395729846187,-104.914934496381,-2.838321969083,13.1476002544175,16.2354294487753,-7.02110312147707,102.362660401178,31.8241622634613,155.802138722043,4.50632541128396,-1.46163481342783,3.48639479869664,-27.9659147029759,-45.6248132554783,-214.179509499833,6.05143737990722,-15.0496247612696,-14.939482856788,0,0,0,0,0
1.17114043754979,48.2261180595405,36.890356396121,-23.0867143863849,0.304465081559039,9.67557481135875,15.6581976157631,2.19741721511244,113.683726600593,-102.417191385326,0.862995092711593,4.79791454964689,0.824863622560282,-36.3227170664637,-77.7181922834042,-32.9356766117226,0.577003372364043,14.7687246498841,-10.2249972413625,40.2963780258033,-11.4539315487239,167.389828647538,-20.8562431341154,0.0930294777901711,-12.2384474233798,-26.3783478711706,-22.1469388227097,-251.570438778736,-2.22953921783679,-4.55524727506472,-15.8335215071997,0,0,0,0,0
1.18079509090693,47.0316662143419,37.0249287219288,-22.014822483309,-8.43464262918724e-16,10.0067374924132,16.0107799878611,21.0141487340677,84.0565949362707,-33.0222337249635,15.0101062386198,4.00269499696527,6.00404249544791,-46.0309924651006,-76.0512049423402,-25.016843731033,-1.96866329970036e-16,9.00606374317186,-9.00606374317186,52.0350349605485,50.0336874620659,155.104431132404,-14.0094324893785,2.00134749848264,-21.0141487340677,-53.0357087097899,-17.0114537371024,-168.113189872541,-21.0141487340677,-21.0141487340677,-9.00606374317186,0,0,0,0,0
1.18963295314726,16.3200608836166,22.9201647141448,-51.1863496815173,7.95545581442507,12.6079115145758,18.1179369711648,66.0236631234656,68.6513115594509,-112.911302588609,3.75675203257247,13.0521498583599,-4.6971827292,-27.6035999461616,-62.1879048490432,-73.2724429215775,-7.57098320207297,6.00612090838695,0.816693424146615,98.3786519981619,62.4619093415234,167.7556832055,-10.2114073696202,-0.987629739781736,-1.06454985059296,-39.8067456935186,-43.4678459220168,-211.57441759294,-3.82893230164102,-2.91629578909456,-8.25726682570008,0,0,0,0,0
1.20950390529133,14.0237747952142,42.6213853913172,-14.6425478578361,19.4839245424405,17.7832055789394,20.0795228310655,57.5978600299699,115.364572420131,-57.8180412590906,-4.10017499029689,3.8188997874437,6.25577058589013,-57.7761696352361,-99.0662352042649,-20.6255612163729,-2.01524188876314,6.84250232817289,-8.12612970663343,70.1118103994863,42.3631236007465,184.342037712687,-27.563713625643,1.00386940181099,8.00166449717429,-47.2122139080407,13.7669848416785,-124.967007857052,-4.72133507539211,-0.411676531879841,-1.74636948589357,0,0,0,0,0
1.20958659938761,9.47920092126328,31.0579534757087,1.38411674398385,-6.63993118638791,4.79215740234882,24.7157837182361,35.8326719829035,101.567684826315,-56.5056432294123,3.01359520629443,2.89738426793355,9.64946534008075,-38.935469007879,-79.247615917879,-66.4303449174975,8.87320247360034,11.0118775495997,-18.3929135287809,46.4232865067156,33.8930859445397,156.535222410827,-14.5535421057498,-1.7155798271816,-12.0048173997243,-60.2414851809501,-40.4768126477045,-212.645813709639,-8.32049225262804,-2.43460435288796,-14.7451021518971,0,0,0,0,0
1.22563153820005,82.9659673081001,12.4569046675091,-52.8421016433646,-2.72247848358471,6.55920823703632,5.07960569044121,17.281318149116,110.222205893601,-50.582311221066,11.3518914943017,-2.47422043725365,0.701145774616201,-16.8948071140771,-83.5180206067729,-105.554042195359,-10.4399433413775,11.5161423111993,1.80521468710878,41.2003175174179,26.6665000524411,138.555760615652,-6.97961508718464,-1.73195266946591,-17.6877436110476,-26.0532041839062,-11.549937825138,-234.558648167064,-4.10736328238844,-12.1630063173575,-20.6936743126967,0,0,0,0,0
1.23888235534585,45.5173594893986,1.91639387107905,-0.920224146577674,-1.39099679734989,-1.93963549217383,3.63194851031758,31.6731768236894,105.800431303761,-36.922604264145,-1.33297934901671,-1.97190646698489,-0.222964682885964,-48.0298600734975,-125.042694890245,-44.9715029743331,-1.64769780548604,-2.01814530244697,6.84743770215573,58.878862287327,51.7354849031301,193.831119504826,-26.0082772241658,-4.3504419821621,-3.03245918355026,-24.8929682715036,-25.4389234838533,-167.289157796738,-15.7466553177117,-14.8873398547994,-15.3266162465824,0,0,0,0,0
1.24604927954486,18.7502862729623,2.89306453211573,44.8761709017924,-4.64245838268051,8.84910680231498,16.0016848715925,57.3376517864805,143.994336975315,-47.3249060845592,3.23445436394673,8.32101189395828,8.5752877209616,-10.0755700091336,-90.6047617498641,-74.1934161925709,5.74667211441751,11.7073298682038,-12.4056945271824,59.3027481782503,41.7550146544512,149.105845552932,-10.6507014366241,1.57256261790417,1.01144421869613,-40.2852432701962,-40.2325533488258,-173.14700732034,-3.95785410494085,-18.8235801187319,-7.79384594695058,0,0,0,0,0
1.25687698640306,-14.0380383055745,-4.59524492837957,-35.2142119988153,2.39906500462944,7.4610809341978,26.1227812135821,41.091684738528,107.158333928133,-41.3241294460667,8.05161256967589,6.81640587158974,8.5372674295368,-41.3936133823265,-59.8797688663228,-38.6779990111088,-1.84369334331864,17.1688771171114,-10.9159773777485,80.4522704297569,37.7193901412137,159.948402256658,-16.8886869133056,-2.93700985293538,5.82332584716103,-24.0015035720752,-6.68729598540312,-147.552645187153,9.72103033415124,-11.1066108251789,-15.9525112887749,0,0,0,0,0
1.26557658540307,21.0438819632302,47.3739000701938,-7.21087816199787,6.3214895484321,12.4342538206023,23.6524637658655,43.5084596173905,104.063661384223,-37.8328691112663,-1.16423282664009,1.63875059479525,7.18501145246117,-50.4805551514956,-118.611057931782,-56.2255843764019,-1.07657855484477,-1.21800934892764,-9.6193319926601,93.4548737858023,16.2011397255548,131.082071711334,-17.6748155805088,-14.6395442932259,-1.16314911205675,-22.1171307092171,-14.3085671678269,-150.604768890639,-4.73110536317962,-2.65155840672392,-6.78821203216114,0,0,0,0,0
1.27517337543888,47.2780079000067,30.2641749614588,27.1468678810665,10.941774602159,21.5042920913957,8.0809125560419,49.0608918536202,142.294866623108,-3.62187295621101,-6.08234275150505,-0.707854051635002,24.5943944520516,-20.3439013467175,-100.431441010154,33.0746837190492,-2.20336413718196,20.8038525386322,3.23952965331869,60.8723164075091,7.92527790088362,87.9094242338186,-0.584730205444205,-6.72475019955569,-12.0239720396926,-18.6788996085387,18.845824845627,-125.603081967269,-1.94358517315985,-6.86754317745921,-5.26195376662212,0,0,0,0,0
1.28526531074878,14.9853089782556,43.3173246219712,-37.7725494862993,-3.52057352220394,2.17636052276174,9.23537566636285,47.0712399568462,117.106592297787,-67.6786948812375,2.97975463244223,-0.166582262358877,-3.11228652927258,-46.3127006267637,-84.0478989942684,53.5787232472728,-4.88876762992446,17.2675641684576,-3.10834126279808,77.7732203206139,37.1124128303094,163.096394241149,-5.62936012277539,-13.3722478569667,2.06069175034791,-24.3659774064404,-30.9578518275428,-205.150921424522,4.03087171591878,-15.5506493193083,-10.1967449330472,0,0,0,0,0
1.29311426181379,4.56300006732743,55.2215338716068,-85.0420336031361,1.07497683749045,-8.11952737789139,19.1950495105449,31.6235346952326,133.763023689208,-104.423074260628,10.4236473659829,-5.93135449840118,9.58213535423985,-10.622722724501,-125.337468127989,26.4178177540504,1.92200313171377,7.22995123480757,-9.75830500128185,79.1856704733799,37.7247126570731,170.103521910774,-15.8331240678548,-5.07613222934179,-1.37440570239154,-23.1994893619948,-34.8321914179573,-208.018607431577,-6.64168435616103,-13.4753571421198,2.82021711600271,0,0,0,0,0
1.30794956222991,53.7617325158597,48.7282871072478,10.299959478887,-3.1762167759532,10.4498728726564,12.6872884176009,34.8465912613327,85.9608800361208,-47.7831910596945,6.17940722223994,1.28358212047917,13.2672666795009,2.77519132768992,-129.671149890475,-34.4283312531702,-7.29420895726794,22.8750271391309,-0.172269109340887,51.1147330457912,57.4165656002225,171.172935923934,-9.61406578467943,2.25441411909817,-5.92969764095736,-9.19263486860302,11.5633454052349,-162.215535789873,-15.4201723076064,-0.218283116257356,-14.0298076537224,0,0,0,0,0
1.32485923120332,62.3514507095606,31.0244874034288,2.26957206556975,-0.189212903645033,7.21878452086097,6.04024830026141,71.5887696151533,95.2730938824621,-57.663013642151,3.58666825118645,5.66794767482171,-8.09669676736955,-40.0478927414481,-94.42929058276,-102.496178166277,-10.4217939083662,18.9140365477771,-14.2991547733728,60.2966024355485,26.7562926329401,169.645314393635,4.98171537761529,-6.96428238821352,2.16031977560023,13.190678313591,-24.5410430321633,-213.742119534292,5.79086479764838,-9.08808440267659,-14.7902625516056,0,0,0,0,0
1.33233855514689,18.2499212529338,-13.6670639971126,-43.8606765052022,13.6882200417853,2.71925352144132,20.9740643446463,67.5030333260582,113.462045630616,-8.55138034451752,-0.828300290711626,8.94507654351345,16.4530409509348,-19.315723713201,-74.837924022034,-33.948175540912,8.80102990411188,13.6849626451487,-15.3764500103284,41.5874999289054,2.98012607925912,167.725829155271,-9.86914024534941,0.588848833902208,-0.0802407331108051,-24.1781045970156,8.34395570911454,-151.933560423053,1.92186070342323,4.27401453679157,-4.32284632538145,0,0,0,0,0
1.34311327283969,18.3314811388289,-20.4514589958094,-42.5523260835393,11.9322232495855,15.5997002547164,22.8443494727702,43.6437625605457,83.0437303938802,-22.0272726646828,5.87063273819601,10.8902444057049,-2.48724962330434,-9.03020375850527,-80.9210047406699,-29.9011851742638,-2.5544563177189,13.4714218421514,-12.8121852640518,57.24332366876,46.8233985465435,126.561518343292,-12.4562972673031,-3.82569458349583,-3.66524401221807,-52.2905265609059,7.25589354314192,-161.025582783935,-16.3136506704549,10.6913553115674,-3.23179065660668,0,0,0,0,0
1.35202620019322,-5.31306686853578,-8.44986205344852,-98.8255801056826,13.566412356799,8.60822740282831,15.3711778982394,52.0189844083145,106.877331689728,-110.853798932391,7.95618138997578,-0.451822702500793,-6.9694897116844,-28.1848856775167,-76.3120936822124,-10.6199826473676,-6.64666799149862,9.86211915446825,-8.13530281016982,99.1703614403215,47.5064731586003,127.266176199528,-3.52793790466839,6.31781794355158,-9.73523912391513,9.00079031505182,-37.7889082669,-202.420944989348,0.945604271909455,-11.8854289409942,-8.33779174864035,0,0,0,0,0
1.36226030238038,28.3794648679831,67.3256604121046,4.80526014815125,-12.5410841305618,11.1903027279322,18.7906093261851,30.3044077721874,97.5505879321386,-51.7601401324142,0.964939881568922,4.01324641003747,13.4833359683409,-27.2067623399109,-99.3911526657654,-35.7643101407705,-6.49874723632299,4.34620653267053,-5.46958852124372,85.3293211220425,41.5772459210558,201.755687071613,-13.1502611519035,5.92819285370021,-6.1392363109714,-17.3806713949467,-19.5630228742668,-127.281499893633,-11.3166985413114,-6.16564848041422,-18.7861153892218,0,0,0,0,0
1.37151086904143,16.3365224787759,-2.75686108613397,-34.6881968908643,-5.97417056681173,1.41602747180458,22.7750522383321,9.65139161660352,102.690401643138,-58.3739858792563,1.76116871215059,3.79747182282606,8.66458976810979,-26.1477825370621,-76.8199508859203,-26.4987986830159,-10.3420647417759,11.6164532807567,-6.53130219021366,59.2851121924228,49.9344840321478,141.284175896907,-13.0177404570849,-3.18738583832449,-7.7067693940667,-68.7396963188261,-10.7705954944435,-144.510472526347,-3.67193586951138,-18.6080402904286,-2.5895311774484,0,0,0,0,0
1.38163228064066,30.2545650078586,4.86203111537853,-16.6437129899868,-2.30683844000223,6.29084966234241,24.7143174617796,25.4435741846678,87.6924847259591,-70.8066674524672,12.1438143064208,1.37479350388382,-13.5627893598474,-39.7995680418406,-93.6387438781711,-60.3787360286572,-6.35617295004072,4.82287109441113,-5.49589776258712,34.5749530228747,34.8125994300911,133.882265538183,-8.96531511179214,3.37124721095414,-8.52120706654373,-40.1456485749532,4.01533979013788,-166.528724334646,4.99365800724636,-20.6778506386973,-2.82586121805486,0,0,0,0,0
1.39103576951944,8.29317683733297,42.2390916200962,-7.58699727471021,-8.39839427271825,5.18608451853754,22.1130587087102,9.17747998187349,116.645033825549,-34.4491957018648,10.2427002474088,-6.08158944514102,14.0058903804615,-67.7044489363342,-109.804806301469,-18.1034921344279,-9.68887968879202,-4.27889887941935,-9.88079206002148,61.8652025446683,17.7380750752124,141.280332625153,-5.52663617691553,-10.1433680571704,1.47207543758455,-11.910057822055,-6.12369495579362,-111.550249526979,-11.4522099950592,4.27595306559836,-4.9209111278793,0,0,0,0,0
1.40094334436953,36.0242549726875,33.0222337249635,-117.078828661234,12.0080849908958,16.0107799878611,24.0161699817916,64.0431199514444,96.0646799271665,-53.0357087097899,-1.00067374924132,4.00269499696527,16.0107799878611,-21.0141487340677,-110.074112416545,-50.0336874620659,1.00067374924132,-4.00269499696527,-6.00404249544791,72.0485099453749,53.0357087097899,115.077481162752,4.00269499696527,4.00269499696527,-1.00067374924132,-37.0249287219288,-25.0168437310329,-195.131381102057,-7.00471624468923,-15.0101062386198,-14.0094324893785,0,0,0,0,0
1.41989449063208,51.7725543461545,23.6242896773789,-32.7427486589866,2.85040573057155,19.7499889484582,18.9632792226473,49.7313896368871,67.9897491737003,-80.0840341732037,8.03463498072083,7.5051226114377,-15.4516659822677,-62.1495371200557,-117.030046225302,-55.514093707679,-11.3823696904155,6.48732179441034,-16.6593009431866,70.1462176488494,31.7437353790466,173.304466188605,-11.6922199163462,-3.04315779805206,-5.49400515410547,-2.87929598680005,-22.814938525293,-171.842892636039,-3.01390948288735,-14.0865849357551,-16.1097413605164,0,0,0,0,0
1.42976550249139,49.3885390448546,15.3899283700805,31.522400277958,0.825462665879604,27.09359727964,23.0986957988272,36.4925232009158,136.196790792854,-72.8067660995963,-5.71030156344417,-4.43298969816075,11.3021879507839,-46.633037970937,-86.3557073070738,-33.2074852751547,-8.22158066797813,12.0251817436207,-15.2686810730917,79.9364584308044,-1.83698817944505,177.634413708228,-24.2987636695907,-9.07519532853737,2.65454921066006,-37.7462245841898,-9.65207726425359,-174.422661671623,-2.00069417094079,-2.0602174885214,2.58329778901878,0,0,0,0,0
1.43868775299741,77.5156593106722,38.4724020470899,98.4660721572621,2.39321744128924,12.3708486925415,17.3730698975545,16.4487872054901,100.958318423189,-20.2851927733058,-0.135315694967409,-1.26996490489122,-10.4855364251249,-22.8051593491964,-106.91354181178,-1.58057178365205,-8.12250140198434,6.74022138608033,-17.7467774585293,47.7590610388331,25.963670714475,134.696027882474,0.697235816543112,0.813271458045999,-8.96411876874535,-53.9990950579596,-24.049256437155,-154.747226719241,-5.46066367297231,-18.6519175595905,-13.657008293937,0,0,0,0,0
1.44813726982188,54.0127850378451,66.8503517557598,8.1214532010833,-7.60762976467422,0.81305963168503,20.6452123913394,16.6191356912404,55.5735994141114,-49.9244048733687,9.91845349704509,1.19846526929604,-4.13782193649133,-10.4100528866467,-118.762246799762,-81.0071655049701,-10.0195924635522,-3.69000048471667,-12.1455338126996,60.5398647507341,34.6684161132378,138.361084896495,3.77250185853254,-2.2762679542819,2.92048717231213,-15.6322397052909,-1.87098555939677,-151.241934835453,-0.841845004866827,-10.7247459552035,0.834093772826781,0,0,0,0,0
1.45776683887843,30.0540363331124,35.9313371789891,1.52039013417391,10.9311890896643,11.4144110767818,15.6983385591047,25.503576395943,108.40569372243,-43.1903752636975,0.82105271919997,-0.842075257964549,15.9767333018295,-11.3924833626821,-68.3167410373519,-35.4070319997449,9.88893131175411,2.315663186425,-4.30934830282504,81.5745281669847,50.3778894077342,139.419643243252,-12.6036205995339,-4.01371634856111,-1.39713252692675,-33.6613357640448,27.0145173222413,-100.019698587893,7.11917289472957,4.08699417190004,-9.93541783363725,0,0,0,0,0
1.46627082513377,40.3381768697071,-21.9847323342509,-46.2194516329468,3.09730897464317,15.425997219019,15.10224176074,29.3066662623243,67.2800930422078,-7.32869611859758,12.945846837711,13.6321253547132,14.0418737558643,-18.1395211998022,-60.9936813179758,-29.5637030852906,-2.69840636502318,8.63775631651552,0.378106945600624,79.7462863682092,83.5014483239907,94.3264809951419,-5.83363497644999,-2.56364055827489,-5.10460536139596,-22.2406714315759,-3.42335253542778,-145.454559335691,-3.01940198198588,-10.7500768373384,-17.9426123590492,0,0,0,0,0
1.47750522063725,47.6052020948057,19.6816439593218,-40.8656314972009,6.28157273195482,6.20948521255406,11.2508184390764,67.1572007405832,80.7736339865338,-93.1230700318512,11.4626022297457,5.00854247846076,-11.8669722620908,-26.750797149153,-114.80077387952,-38.7023556698633,-3.58453330445515,3.09328054101765,-5.54518140161496,85.2895241806006,42.0604657192859,126.158666887243,-5.20659238443445,2.90256592604063,-1.44707965154069,-48.7298990955822,-16.008336459163,-196.127520938966,0.682473572166301,-6.22948895123887,-11.379092900633,0,0,0,0,0
1.48329580040513,32.5496388940045,41.8009222076662,-5.8663982671558,1.46970780324445,13.0272883694637,6.28353866104464,66.0706060794715,116.406984449566,-54.5286910366269,-2.62862566061012,-9.7081056316536,-0.344542096643227,2.89735476525831,-137.963060522761,-43.0358707163584,-1.49450545929154,-0.838399149962364,-8.12115390566573,54.1721190824252,32.5319110197629,184.189961145124,-13.8945373673922,-1.148898614379,-13.1682734660779,-28.1227753817685,-42.2460406257054,-160.550201886774,-9.32564199729611,0.622312844852202,-15.6079742359207,0,0,0,0,0
1.50313051860855,14.7112598985837,6.51281663466589,-71.8278647163723,-2.57990712957345,12.2594938749094,20.575797547164,72.068251503127,93.5990400952257,-55.6720095724227,5.37183788473439,3.86872360135213,14.3666838468515,-9.89432525731333,-115.381477375215,-97.6544798542187,-15.6031076464917,12.4930565402404,-5.5658344466526,82.1008218722474,29.1861734496797,108.906805096748,0.362105316202286,-4.80087324771974,-4.81106403872663,-43.0966373576266,4.2978167142756,-160.914918846331,-2.01982040612835,-12.0688420993416,-10.3372453634247,0,0,0,0,0
1.50926143631399,-3.18788884341766,9.53094541095401,-35.7620524279564,-6.49091274622992,-9.5751493964617,17.5616495323208,15.1762758982195,59.5747718017323,-82.9437904854874,4.51788193983741,6.72803499085555,12.0791500116218,-51.293429902541,-123.651681694588,-61.1755378863082,10.483993580337,3.76942482617614,1.22002114849873,88.7389602831104,31.1804229108627,128.036019162965,-16.3264669535992,-5.45784506524099,-1.28372503392663,-42.3217778250123,16.2042961567781,-152.320631134343,-5.81479355793694,-8.14823314215676,-14.9490177498061,0,0,0,0,0
1.51708992031242,-3.65830299531062,47.7555221011475,0.0087356066517253,-0.738563547233239,7.85501263705426,25.3658978621522,29.9339721067097,108.576935691328,-11.4008693484906,3.61801249442173,0.195653939186581,10.3277798013269,-57.2482912701014,-115.042839432525,-62.9699727259385,-4.29512874236797,5.58511387689039,-4.09416521718819,83.9560730755799,6.85673816866269,155.91155210957,-22.9481941167915,-10.4873434045943,-2.49225401009507,-8.69914396761584,-26.1263101083833,-144.852495582767,-8.38696046987713,6.51493317600262,-8.70433538706465,0,0,0,0,0
1.53595307991625,46.1022891868745,49.9531632421886,-43.3561281490807,6.8403166413832,18.9482572634597,22.6134916230631,63.2710113155235,128.160650654394,-63.8351900822214,1.83837709768118,-4.41074979067926,-12.8286639714187,-12.4370375185546,-124.163470936303,-73.6032099952864,-10.3047279392178,11.4433803589713,-6.35327159050804,88.1853665285639,3.51639305651554,135.988645874049,-9.19281499734339,-2.75520227552485,1.41636862991889,-61.0500677571576,6.87079006542573,-134.206277901017,1.0815908602404,-17.382042906679,-0.526558696513036,0,0,0,0,0
1.54249368281095,58.3824019712396,25.9938372587711,-27.165629434257,-2.91611536936822,1.1392942019347,13.2848813826589,19.6304161440796,74.9325745951718,-81.8725138181538,11.6274521913242,-5.70689687384325,-16.3032600332603,6.22222521486924,-108.743259045991,-60.2184865081926,20.4442564666378,1.74764672078094,-6.03873299681792,44.4400809530405,26.8035704602815,109.256135047957,-10.223977241644,-2.26584298419056,2.29975525143599,-33.4930256980566,-30.5563476420358,-157.375703251172,-6.44024386151099,-8.43048150585093,-9.92060536287412,0,0,0,0,0
1.55310260784588,3.24249561509894,42.76258110491,5.8927479276366,-3.7773463516657,8.56368219709853,17.3056812412699,39.8405181792834,116.987940864228,-11.8965902852777,3.07936803619682,8.09602655165694,3.19978090648336,-12.997605548423,-75.4794267155337,-58.9451686318901,3.82976436214243,16.0440712429585,-9.16648531780307,73.2783417556605,30.7590110794458,157.415866813638,-9.99184133202249,3.87514847789571,0.942315073045253,-26.7562118943798,-35.7025795761974,-198.292417151422,-13.5192456988153,-7.71173197992635,-2.15451781525728,0,0,0,0,0
1.56313704732403,30.2710109531296,51.1894488705338,-10.0597635686494,-8.35450829858907,9.09716655173406,17.0682242917144,18.1208123982541,109.243634302181,-43.7348204573178,-5.65503099095584,5.34044327968053,4.18092728543377,-38.5674688945427,-113.572585826307,4.313360775882,-12.6211706022979,9.79870207357133,-6.31847556906228,56.0012507428099,50.2568121241772,190.094620523259,2.93361610714301,17.0271881908568,-0.958564393525864,-32.5688471935982,3.71572446051131,-196.869685501005,-8.02523628839207,-21.1390525335207,-5.50014332158852,0,0,0,0,0
1.57118776578798,50.9698109638248,29.023408747165,32.8970997399536,-1.30411228964774,9.91070830544789,18.6014848032571,47.5004358801391,76.3413382935058,-60.5070229039849,16.3297819960674,-3.18668172233029,-12.604288525788,-72.2411500981857,-132.969484112718,52.5155192409521,-6.45201509299521,6.03375784013589,-1.78815950878291,2.66789039727419,20.6592937930682,74.6872273704116,0.233207112760745,-8.81369965064343,-2.03430560025033,-3.74958635406458,-8.21272865190176,-210.604182379001,11.254336770289,1.25818806959728,-10.6601376608859,0,0,0,0,0
1.5844067181272,35.6442556660924,44.5650673100931,-9.59858907271633,-4.31287102896871,11.6754616825589,9.32372934042728,51.9011289592176,123.278739562592,-25.4974204394428,-7.16265242083017,3.37847768960205,9.67183406976907,-30.1716516063435,-131.998690473225,-26.8579200276493,7.82248906525848,5.50196427566787,7.57887096000548,23.845608390372,56.3825739236049,113.802307744448,-19.0184332705428,-20.1824731676844,-7.64005511469393,-28.646186166347,-7.84027952918917,-207.011560223548,-4.1172177066365,-7.60165436048502,0.629967899685209,0,0,0,0,0
1.60104776555118,67.3333065537315,38.0534251445187,-11.4978880711674,-4.16554645489376,7.74179811998691,15.982251315963,18.1773765920618,101.644758411473,-68.660633815114,-13.323434648473,11.6578635726305,0.53820947132617,-36.450842827949,-81.3904299805772,-31.9066936527892,10.0067356743688,1.6598698897138,-2.76383118215903,57.1741887431712,43.0471840246581,110.203928871544,-8.20250135207764,-7.3730218507725,-5.41183265676234,-36.7378851558083,-15.7156856138965,-196.638560372729,-3.98332977993836,1.28737092176641,-21.1965604171763,0,0,0,0,0
1.60140288966008,20.5060014842049,3.98814522893862,-3.41693186953584,2.60784281183362,12.5264948805653,15.9922468420074,35.9220899335458,82.6875195670466,-71.126207090872,-1.4768781515609,17.7287569882344,-17.4883882828396,-30.1429573860718,-89.1593916578228,27.1685316385526,3.7358947345928,5.59165109044747,1.19245366499647,78.9586311756979,23.9599640694147,145.388402128118,-27.3848557852621,-7.49896892560356,-2.86891317222723,-25.9694532335433,-32.9202815802655,-254.473006377122,0.0123453562153177,-14.5394867626483,-15.8893821316574,0,0,0,0,0
1.62181414279144,41.8858971677568,42.0006433654817,-90.0984086861166,8.26535929228398,2.87734395431565,22.4674385556965,22.2681283894829,155.975171270549,-60.7473368486561,-1.99314481999763,9.75643332217583,7.17188057183993,-13.1326760659239,-120.276193037776,-41.4485170212409,-3.80743064305565,0.163923252035558,-6.51037624258374,53.5069614247618,49.0105227707161,210.995845550465,-13.8041515600458,-2.17665705306186,-5.36327303473127,-15.905044681927,-21.8134660047371,-208.212465166827,-9.88183331771874,-10.3411106658252,-2.91382310491355,0,0,0,0,0
1.63109832578138,51.0343612113072,2.77032114059752e-15,-32.0215599757222,-11.0074112416545,9.00606374317186,27.0181912295156,47.0316662143419,66.044467449927,-34.0229074742048,6.00404249544791,9.00606374317186,4.00269499696527,5.00336874620659,-82.0552474377881,-86.0579424347533,3.00202124772395,9.00606374317186,-14.0094324893785,41.027623718894,3.00202124772396,153.103083633922,-10.0067374924132,-10.0067374924132,-13.0087587401371,-43.0289712173767,7.00471624468922,-194.130707352816,-14.0094324893785,-5.00336874620659,1.00067374924132,0,0,0,0,0
1.64021224214992,42.4439622153175,34.0921025207105,-16.4778547421454,3.39471601378852,4.15705853916429,20.5457100774889,39.1337233720023,71.1023959384351,-3.36827870091753,9.54858295017189,-1.50341926435602,-4.88282094320175,-0.172739446713179,-117.567560175251,-144.305457305745,-9.49245150542494,0.408518664077466,-22.0122865693541,61.2924741779967,46.7231201555109,139.506784783995,-19.30326352844,-2.21880686000969,-2.00810385049092,-75.3337960175924,-20.5346083281294,-235.125509784639,4.99491235501599,-9.59734105652908,4.64950340632852,0,0,0,0,0
1.64968210757622,71.3294111773218,52.9819137897582,47.8856418826321,-1.78927143064023,11.0877260473595,15.4543752617337,50.2610995673279,126.22201827529,-61.8227765808584,-5.30134375179345,0.695381132165035,20.6998964356001,-19.5934456988553,-101.742588053082,-78.6846163601394,-5.29431984917401,2.32612943206579,-13.018306115641,84.590266147802,66.2344474141046,111.756745077009,-6.23117731134846,-5.06856040608434,11.1224677978976,-46.945088891271,30.7413855786404,-90.1682167925857,-9.11749823047961,-16.9640215838759,-12.2995726332508,0,0,0,0,0
1.65894739029048,7.73242508181362,37.0118414647703,29.1315466655673,-3.66318966191133,8.07467045385966,22.0239799089916,24.7576086858462,116.361824163325,-102.054478001537,1.6793710901416,9.13768182721577,12.9234397901678,-46.1679130178038,-49.8284462207868,-13.8036102704218,-1.81174293045284,6.1275694014446,-12.0007966863992,70.6840497134202,30.057472499081,86.3604717691557,1.50100742762866,5.40055343141434,3.12773933375419,-33.6504062201227,12.1157725078741,-163.928292757141,-3.25256975368932,-12.4637465087906,-11.5553223749002,0,0,0,0,0
1.66777919498113,75.9916166049021,29.7631383813076,-82.6068851536155,-5.61595805660803,1.57844451833208,21.2639346149426,20.3595937551638,111.0234346537,-92.2994102371994,6.24608600574249,8.38558283309639,7.27032701363524,-70.1280037531136,-136.173475783336,-30.8670740358986,-4.83973263337576,18.2892512472942,-15.5782319316458,81.8873272270437,36.2621074337021,173.416762284818,-1.99454137691041,2.74108716959273,1.63994491851388,-25.6651843871279,-25.3792398987221,-170.363237086564,-5.75556252760044,-13.2103850097073,-19.179247482463,0,0,0,0,0
1.67844612581324,24.0387643836704,35.3888530031384,14.0439587299237,-8.40021949668403,8.54438706441169,32.5070402130992,17.6229885112359,130.523215769117,-95.3422498979845,0.984943387168504,6.18883761924551,16.7172617891267,-71.9185602999794,-120.309046858389,12.3851697983285,3.85224026600726,22.9258023490672,-9.26181626492155,48.9759285329149,62.4803557396463,150.962771464716,-13.4728875368148,-2.82900739655711,-2.13337962757167,-52.3108213126891,1.12964707555622,-135.982979160173,-4.19079301711863,-7.88580252579767,-8.07532110615667,0,0,0,0,0
1.6846838185562,26.4144555252463,32.9402345073771,11.8694054671967,-7.15751477959067,1.35858730913583,17.9964822079528,50.8299697317508,119.770198562558,24.3380436274188,21.1615049275993,-8.36620556852543,-5.08388713817297,-30.4430460510171,-68.9213482461354,-3.85662206989071,-6.89009348762873,14.0142242317292,-5.282885746141,49.2657215168231,16.3021668252245,106.486647788179,-5.13468727323966,1.6742637909006,-9.59614445187956,-62.9945450864974,14.8757812158191,-180.890347633299,-5.08160904050114,-11.8526518902075,-15.2905330535917,0,0,0,0,0
1.7051598976264,83.5229488624344,24.352958217476,-7.69643138687643,-1.48825627320851,-2.92483784463895,14.7014975205611,41.0292137335957,105.842274420876,-66.8782690738735,4.96903810613254,9.93508423656238,-12.2040210267103,-21.2182017368151,-77.7295449937812,-53.3307437140559,-7.88239296049363,1.69749496410312,-14.5337368021551,80.8613390087847,32.4596693823997,141.611726522259,-24.7652840416706,-4.04310311199261,-1.34340865698642,9.10508204726739,29.522523362256,-206.228130024519,-5.37397809381328,-16.7474674102402,-21.1081474100768,0,0,0,0,0
1.70893490469992,36.067113458833,34.8681784700318,3.64628292507147,-4.75254131891236,-1.99996694236612,21.5117117237238,18.6642205340293,99.7955270534527,-71.1416501914713,-11.3933863853538,6.65493660376278,11.7418616038449,-0.453770123328238,-91.5756676763704,-60.6130594515914,-0.745856119522623,-4.92978916778593,-3.87026079700465,71.421219932585,50.6020193279177,165.637760985436,-16.5892241986196,3.68199667043367,-1.67052069430829,-17.2171465701778,17.5717540332073,-180.552208350235,-14.4131353538099,-5.74278065160679,-7.43260220093684,0,0,0,0,0
1.71928857575662,28.6607808695846,3.69061822863759,4.55526153527624,-1.87101634228771,8.6366638315969,19.6447580444055,69.6948403471615,90.9261092368871,-11.5377905493883,3.57408272946222,3.26419614816552,0.604133782406628,-28.9408089519717,-79.2936649465252,-48.0776409757335,-1.82625327220434,10.6395271947802,-9.29209347213313,28.9888557430011,12.8224456253197,137.24925281064,-10.9158338273871,6.74103412435204,0.690848051830774,-14.4281206223945,-24.6784438636694,-142.688448637086,-5.33013388255786,1.02776611712931,-13.2066436677493,0,0,0,0,0
1.73665686360447,45.7128372801854,54.2945239667128,-36.2736668283964,6.80724380302252,13.335881588205,20.7542614674798,24.7223581170462,84.5659777396034,3.97486710651918,-3.53795542101511,5.09329997960007,-14.74143362143,-28.6182458158343,-79.1362635312653,-115.767251160047,8.97675681773579,14.1899282701267,-13.7584330150458,54.6093978443055,31.0087096245825,108.067838306174,-14.7774271724635,1.65243420045267,-0.0568173755329406,-21.2340303351317,-24.5332318235907,-120.389066276537,-4.11564851827683,-9.20987355963332,-7.45961212441512,0,0,0,0,0
1.7432936533763,62.2375213299887,25.8681507214063,-40.2747437656077,9.79879645006026,14.084707733695,14.2808214646532,-9.8798946944725,66.2817171866339,-63.5811706597115,5.73403240905562,-8.53420016469131,1.70110128087502,0.145689331494053,-88.5647645666288,-45.2120218156809,-0.934276988998567,11.3168545151952,-7.52488729121755,72.3695296242403,10.2138149610126,178.241914128634,-12.673666121562,0.295679259007189,-4.7930897244239,-37.977024884597,-16.3147469050964,-108.760979319182,-21.7481726831923,-4.27858350249837,-10.4441136310224,0,0,0,0,0
1.75375782231407,54.1024432248342,-1.54359266910771,-42.9099497955057,-2.36321605317543,22.8694966270784,7.92774843201047,25.012079034259,80.0753168809319,-60.0674183548756,5.65296463506057,1.29922147365776,-3.29119818091342,-26.7824938114716,-76.4813902208363,-45.9088603543802,-3.31053426509604,7.62086240452889,-6.30045392516785,83.112062146331,48.8250298052525,180.886433423467,-13.0213692884469,2.18491518286767,-8.84916810617287,-38.3955665369909,-17.2579722533939,-158.812679852698,-3.31759103855736,-9.2787263886227,-10.627150453834,0,0,0,0,0
1.76397120675182,29.7360054163767,45.2410984625191,-67.0591987967254,-5.02732694321926,13.3372907635846,18.9240676098385,34.5819493356868,84.0496784029201,-21.6205777336952,-1.71501711684152,2.05639279111647,1.17182380703632,-50.5852709414334,-101.97719346847,-87.7294877403385,2.04321757232322,9.33636324392629,-5.27595864655073,100.044716156784,40.1073003432967,130.688168165654,-5.95153954017676,10.5016464324651,-0.455836909638637,-52.4304077062118,-3.73665391190391,-161.993065120328,17.3122782633054,-4.4316901883298,-17.9841607804055,0,0,0,0,0
1.77137000251436,14.6344643180991,24.4157018621028,-19.1401334378803,-9.43954452485797,3.57590071086532,25.5073309249158,8.36139298979322,123.528746100584,-153.732073446948,6.16259877534829,4.58175203481373,15.5944790874809,-27.3460661254318,-116.069284767997,-9.16356239877449,0.640798244556284,8.64317513487365,-6.85283988620515,46.2798464645015,-1.76269881103915,113.504990723606,-10.6618899271814,2.22508043458985,-2.25480738129518,-52.0935754752561,2.42131735817688,-135.383565265876,1.95696229081168,-0.618352721315638,-13.2377987248346,0,0,0,0,0
1.78635385600657,29.9450937269575,13.4954744348919,-54.7400715121812,-8.20777561256949,-6.68368989485488,12.0117041243623,4.31079797928414,117.634504899784,-62.8228988813586,-4.73151006597069,1.62251187619392,-3.14783548151928,-30.8479710929162,-97.3212626949814,-77.339769574132,-1.36308511919885,6.90018888302432,-3.28366395886404,51.0116811075164,27.3135936960335,107.19705375573,-1.60091686291658,-2.78800157590034,-20.5181859615792,-35.0490695523243,4.46607189153208,-145.71186197401,-6.41134763724354,-25.8718892379273,-5.24495816249651,0,0,0,0,0
1.80073871019931,42.9958073187525,7.3749321499282,-66.4429785492642,2.43940800620466,-8.43768372735514,15.3176296995323,58.6237552462251,70.5140211660153,-35.2946767794414,-4.42148365767356,-2.34726325866148,-11.1482870665672,-67.0264666831808,-112.664349803167,-65.3211881758361,-6.39069232006965,13.5283991724217,-5.59291156082454,71.7502815376381,14.9512525825485,175.2367935554,-15.9359678897805,9.01229713598755,-4.20101001228847,-11.9897299867121,16.1047362702744,-126.799899197187,9.93635705502368,-12.3815623805975,-4.56940167451905,0,0,0,0,0
1.80214971157302,43.9302812165554,7.04962084558431,-42.3660369008203,-14.3160482371033,-4.12585332181162,8.45674091828568,46.9743915982913,126.445448130167,-18.159730986452,-0.980704312853028,6.51139684207175,0.40442068992622,-38.2624057505985,-132.384069111178,-14.0164166421425,-2.31370870790014,-0.844520262579938,-3.38052294613047,70.1039311340987,53.3895880993227,176.595954229118,-23.7357306012689,-2.75459852713872,8.73989478794504,-48.8905097444449,41.9751013578696,-129.239169563114,-2.15476115883023,-0.893440740461552,3.86486648638606,0,0,0,0,0
1.82318807875886,27.6456913429303,-9.85846085206679,-29.5199530058903,0.862135866315874,3.8467065632336,7.80432426651387,56.5186284413154,122.066353881045,-21.5748823339633,-0.927953771986595,6.67486291480564,4.36860190540684,-51.8716943250015,-117.071906373485,-15.735697181973,-2.78903952040937,-3.62534831291099,-4.2867682867686,52.9054174408963,36.8192157687047,153.290047736853,-18.2384531803823,-1.34199958351622,-0.229914209815762,-36.3881294476624,54.1111168767513,-183.838741469803,-3.91453208312893,-17.5536025195909,-19.7965813099226,0,0,0,0,0
1.83112449743586,46.4113471256547,38.1831027676524,-65.5090187981195,11.786595263443,15.5377807250759,21.4772817729567,89.9284582195069,114.25661705399,-71.5673315036834,-3.31326015358869,8.37945200810864,-9.47053921824493,-24.6186142440385,-121.809770856998,-28.5531215330944,7.0244427729692,-0.552628163286918,-2.9577951096669,65.9375113474015,22.0346475137745,150.206204441225,-14.6627208317442,3.16822288066908,-6.42275407441443,-70.4166505051999,-0.115495120824968,-233.965891392807,2.12822931407305,-21.1881113355519,-6.49424980209,0,0,0,0,0
1.8415495012795,58.0291640671221,-10.5298162808581,-47.7827373683907,11.3254160885912,8.29535388019738,11.2340507792346,52.2145085279887,95.1873068885124,-8.97534606438316,4.98783627398823,7.73318376836384,-4.94026736083768,-12.0018307175828,-98.5992671241644,-16.5459909434747,-2.31086296114157,6.29920375751832,-17.3374687885917,68.401733293006,24.0325116990597,110.084370531671,-10.8338171384008,-19.2526508156712,4.30636094848569,-38.3204257737194,-30.0168135856193,-231.868866461331,-3.46770058287267,-5.13679097133601,-16.0264253461848,0,0,0,0,0
1.85124657924395,3.00202124772396,8.00538999393054,-7.00471624468922,-5.00336874620659,19.012801235585,6.00404249544791,68.0458149484096,74.0498574438575,-54.0363824590312,17.0114537371024,2.00134749848264,8.00538999393054,-21.0141487340677,-87.0586161839947,-136.091629896819,-2.00134749848264,6.00404249544791,-12.0080849908958,40.0269499696527,18.0121274863437,139.093651144543,-9.00606374317186,-3.00202124772396,4.00269499696527,-55.0370562082725,25.0168437310329,-151.101736135439,-7.00471624468923,-15.0101062386198,-14.0094324893785,0,0,0,0,0
1.86043105184087,23.9511330021627,29.259377223039,-21.8562391886535,1.75343674831611,5.27033417291124,14.6458232735131,56.9885491556374,108.131761092238,-31.7126540226466,-3.17265190047518,1.92688267208533,-3.97337802745883,-56.9976004887149,-98.3931356835865,-128.220616503641,-19.0775988049082,0.221542978351786,-9.11881540906108,81.5752595771693,19.807613012357,167.407435909005,-9.86443102071617,-3.60014287142392,8.86795514546025,-58.078560480137,-4.62796869271252,-155.683875451037,8.32387524989265,7.9904714732092,-4.21796542346846,0,0,0,0,0
1.86960270221092,60.1834384833852,23.5061275829704,-37.1805256629928,-2.42797811578839,13.5394173156933,17.9556429035913,21.6326175033988,118.592875958675,-4.0456425564169,-3.17697193288407,3.00279266885757,4.08476894021879,-37.9218635230876,-104.480974562992,-33.2216687069636,-20.689633988317,-1.39884812908381,-8.39644822845785,55.1641247621022,41.7860686496523,148.790133002976,-12.2477395954864,-0.208707023579093,3.11916199334265,-32.9182109243105,8.22118048726905,-123.409119823596,4.99873136654802,6.46849956139528,-20.4195784512689,0,0,0,0,0
1.87920663141912,85.8195399618631,78.2151049164945,14.4148165184951,-5.79362786255994,2.97818460040081,20.9557504796514,111.331924077343,88.3575876670181,7.29972837399262,6.25245223609937,0.0612380189024358,-13.2035120388307,-11.3589194618158,-101.111111802644,-62.8657824984832,-2.00502326447321,10.3392795997673,-13.2461338974996,40.4845023504312,44.3679081388778,103.626325720686,-1.50919377152419,4.08733457284807,-3.22352760872847,-69.0496098029172,5.2189359127946,-137.074762463693,-6.58868237364872,0.709408788934061,-5.80622340708833,0,0,0,0,0
1.8872384554985,39.766505215903,54.3039841219016,-45.1787243534829,-14.3199937212414,3.97166297419382,25.0151471788686,22.7925947047842,115.932939773636,-48.6316701938062,4.14869079112425,-5.98963400573961,-7.50589576807839,-41.0917074428688,-108.118414986165,-42.5954103302875,1.81301688131095,17.8054105427692,1.12109804565691,91.3499512194271,65.0878478515072,93.3558268155256,5.58314605522983,-4.72300472226097,2.20767417065766,-43.8846218031548,-7.05427423132815,-193.716639971002,10.2165842479399,-2.367125035107,-11.7189606007818,0,0,0,0,0
1.90539526202093,18.2141985909165,33.35371452669,-97.4728639549374,5.85824917694368,6.59069071483318,17.5362210443144,6.42682668740826,162.960396106331,-87.2994768763009,-11.3412895925414,-1.77022266669082,13.430568415679,-29.1897538901714,-112.260127358174,-67.7726830710127,-7.23175507347681,0.881931125391376,-8.5458627372694,38.6310118288013,28.5448862146298,182.365528233976,-11.8691412479209,-5.55180709571356,9.15305256178965,-20.0834299401831,-16.0353710467696,-142.987200981352,-4.71008046996146,-6.38893846295224,-3.17897343158852,0,0,0,0,0
1.91769806159114,15.2181635691021,37.0265947745939,-57.5460313652981,9.51170749866762,10.5744407425832,20.7324685628017,46.2409561161469,110.521853915654,-56.5045233388038,1.40305850920526,5.87473379611725,-0.863320550552728,-14.5777485530595,-126.182171100316,-44.7200467737782,1.3879283738732,6.79119269009257,-9.46031731554207,36.1259888423605,55.9057431106762,132.094986095141,-8.94058371968722,7.13838658126485,3.73519960124766,-43.8809840782808,-35.1915976697013,-163.350448329579,-9.8457951758913,-6.25638393997941,-7.51498221346279,0,0,0,0,0
1.92567872616475,73.1288283498911,25.008692289893,-57.0676426256483,1.20709872251124,11.7490248257146,20.9927331030901,70.4821893725925,78.6184622736389,-28.3202625712964,0.659954706836834,14.1070176309297,7.60823449555428,-45.1081046848715,-70.4071301776918,-108.338776760835,7.74685610917019,2.59989512450269,-5.874792580355,82.2275423707955,43.9203906127451,112.352238207528,-7.71837908228949,4.07684007327448,-5.16205098600686,-30.9165472523389,2.7222129967026,-209.023377270914,14.7686597602019,-7.62274317496204,5.95902788568014,0,0,0,0,0
1.93590381732869,47.9578416837227,6.87597637444885,-69.2888689064886,4.4009809940618,7.80031092340085,18.498295841191,47.1673817215113,110.578905741716,-35.1517278036328,-7.64883551035274,-0.237718301263498,7.59288556969337,-36.698336563907,-93.6745663176586,-41.9616800633743,5.38264960741923,5.98382697853716,-9.40527024403032,57.8356575117422,18.689153286531,122.030203881899,-17.2902673155713,-8.02951811890537,-16.1660821511943,-12.939622794317,0.284257326034735,-107.479745817562,-4.0873926421612,-3.2703866838667,-4.40920632224497,0,0,0,0,0
1.94490055747825,21.0108701429147,-11.9057104558923,-69.4040270781192,3.24644194278526,14.2459011658955,11.5944764790294,4.94999438407776,80.6419200982399,-70.6101829033533,-8.10962395311109,-6.78216292682891,9.24444025185855,-13.4064501080255,-136.188679145367,-48.6054377857062,0.660277845837143,7.4311084286973,-0.900516735593931,104.879283814496,18.2423179337462,135.761989960657,-14.399115989785,-4.80597558409958,-9.81704525532967,-68.2185651494003,-37.5623444419118,-127.109608417696,-3.01496062331858,6.33002668275078,-14.369511481355,0,0,0,0,0
1.95452917100628,66.8553173160883,41.7974785715013,-6.19356188523716,11.1287217956792,18.2276167726447,21.0022203108274,43.7178059337251,89.8108286866593,-54.943801001241,7.56602486119173,7.61627395861546,-0.745478083957289,-47.3488293294377,-106.100360819858,-123.855396619053,0.505892960525248,6.99192998426495,-14.5118825514379,94.849411605114,14.4933339160203,147.188550715852,-18.5464693548716,4.10331653113364,6.88287916648583,-39.0517975991108,-15.707932000936,-201.758499472879,-1.62519204190327,-1.39981414324652,1.29556800681602,0,0,0,0,0
1.9641965909657,1.98798436686845,26.3494626265151,26.9845836446305,0.918837051804664,9.52949518824495,22.5611189635637,6.94020303510965,120.231824052727,-67.1699231094278,11.0613043610632,6.26522099593262,11.8865812810853,8.78795088195739,-117.602842459542,-89.4817774055626,2.12377288730089,-3.89282729332104,-12.2166940454357,50.638669878599,56.460025993472,159.163411239737,-24.7807673389973,-10.9015035676292,4.10374174176883,-32.9643548003219,-15.4127410658038,-156.179366296402,-6.0645753511095,-7.85930763491438,-5.21019183164688,0,0,0,0,0
1.97332629000957,24.3665125022469,5.89775302049074,-23.6178544024156,-8.66979446668083,11.3537523323592,13.2519826358549,33.4695303398986,77.8805327455571,-46.7563229654939,-3.3642911253189,3.27968117148656,11.7026243135576,4.70747806001012,-121.395031609167,-109.106619640226,-8.69769519939891,4.89688899528666,3.88419693667486,58.4250762524337,14.9244447195479,130.397949104798,-9.7035567741368,-3.39700450112136,-6.021923200397,-67.0304293901118,-56.3741365303555,-131.110873309397,-3.00009934254348,-18.7371711130808,-1.90425575953344,0,0,0,0,0
1.98374434784908,42.0589038155554,31.0208707184712,-42.7061156459375,9.17181909137017,11.6927268229392,20.7995662288302,70.8304865080904,93.523605946468,-15.5283373280594,9.40548169358018,10.9807128314805,-3.49006415050086,-29.79081085171,-83.7279582514142,-89.3078042535519,-5.66739576378456,13.9563719287136,-6.26069302647966,73.7437635364349,26.9734836062395,127.39197871456,-7.69449411582175,6.70456733685461,4.44309495848031,-42.2790043276568,-20.9757220948204,-184.854409267413,0.721590546498792,-11.6664252885624,-4.3657663062667,0,0,0,0,0
1.99195912133362,47.1241097648157,-2.55868736080098,-20.7923152120142,11.0969198276961,8.34399587444815,18.2121806340206,41.1086189082563,116.427118042903,-4.42758742714178,1.28340082858782,2.82283083829889,14.2091503878914,4.74507371459795,-61.8315418250103,-23.4895471535849,-3.44034340195293,-2.07945701698729,-13.3195011620208,60.4733203230899,39.781486797071,207.050479618144,-27.4205330742195,-14.8108834725251,8.5665098189863,-35.479765123127,-35.4691234683794,-184.166442326537,-3.42241728978531,-17.0932555217178,8.0703035660366,0,0,0,0,0
2.00503013822955,39.5212694361713,-7.47941888929981,-35.9684593580437,-3.9879838493177,-0.44326681243643,17.3158320424329,27.0891414206183,113.872301830998,-45.4017879813728,-1.12680641640503,-0.826171398368298,-4.02181163124712,-16.5940437061734,-80.7941510640986,-80.6089160328014,-8.76845133996554,8.68680008446205,-8.20113053329593,51.4374479803063,76.6307957100502,125.380138874823,-0.375275725897989,24.7805787290207,-1.78104802569292,-39.1626692152763,12.9660134255602,-195.556797494356,10.251536161524,-22.4981347066059,-11.6575829361469,0,0,0,0,0
2.02356884176292,13.7454456461686,26.5590177489534,-33.5156533321713,-6.83941172731017,-8.06293099229852,17.0012585361614,16.1222690149675,101.770494112838,-76.7951512044593,12.8998344918598,7.86952522338446,-11.5232981279426,-40.9513383279236,-118.498710523815,-80.2318440867474,2.5123032659398,6.13865608557653,-1.47182012321576,83.5045174597044,47.1590052265654,161.13935801045,-42.7206681659579,0.160277682180167,6.67250774382588,-33.1770855610974,-19.9408560026291,-169.238334967035,-1.12640972546717,-3.05326882440864,-6.41154501843734,0,0,0,0,0
2.03144075501622,52.2081830904335,18.7424942175201,-7.19116887661149,-10.5091315298754,4.94793693145383,24.7973585562932,-9.1149647244711,99.7471643994115,-75.5266756996261,5.79702521611366,-11.11473398309,15.3206565964864,-75.3056378385941,-81.7544690371162,-29.4694820938536,-5.08480302685747,9.093625517437,-3.4686357530005,80.9604835553647,33.7873679113727,115.664537124371,9.73755440791044,-3.8959518696512,-6.51919854870196,-24.0242545439645,8.71215001720012,-149.885220642412,14.4826080855155,-19.3028974953928,-14.8670011695599,0,0,0,0,0
2.04224255459346,77.1996928589518,109.557967721479,39.7737221544579,7.74340949214909,7.36624180896819,12.1855827586204,129.015413296347,54.8654573287077,-36.6719284094244,1.71464052249183,-5.45168058354965,-14.4054720145465,-34.5687569673912,-193.590120707709,24.8283247058631,-9.92518423640536,20.7619418790486,-3.63423240532153,78.5694834827513,26.2463030523856,232.279475107505,-54.0931648706076,-22.5895749831642,4.01108652272154,-60.7078426594452,-62.4343165498062,4.5786473410098,-54.3385991017391,-12.1219098184646,-4.53252832508502,0,0,0,0,0
2.05136197366804,99.7784685127274,101.481162168285,37.5575091611072,-11.1900457675291,4.75370129341334,16.4939112012153,185.371606497629,88.2636421069692,-43.6081191454323,-15.4462177565982,4.39918775468819,9.92103756359353,-107.7814086376,-196.390193518946,43.5850579691136,-3.95095326817053,35.9885403715365,10.383372145957,61.6432845205212,-76.0487493214841,257.117016810359,-0.210144146267101,-11.6027700226668,-3.86915747345334,-42.6454583588662,-163.816954756888,19.8595604719217,-40.5320775456158,-41.7697631209843,-65.1288598329651,0,0,0,0,0
2.06184246641115,6.99082625236333,-89.7962302818111,-98.1940449144291,-15.1952294546518,-10.4627875959514,35.504876826288,-76.838366705472,222.601641828821,-207.234008919576,-49.6961716105185,-35.1325602539083,141.321465596273,-35.3100263444322,-22.4942189770946,-280.26815602292,-43.5049760680251,-1.81373528892233,30.4110477461789,61.9485772782779,148.080125703976,40.294955950344,284.915360110898,-21.9978144347465,-20.9886550897906,-84.4492660152493,63.9889262917806,-58.1337432449851,200.465540338136,-120.913420674266,-285.384222484687,0,0,0,0,0
2.08140132207657,47.0316662143419,118.079502410476,33.0222337249635,-1.00067374924132,8.00538999393054,57.0384037067551,70.0471624468922,136.091629896819,-66.044467449927,-8.00538999393054,-58.0390774559964,103.069396171856,70.0471624468922,-203.136771095988,7.00471624468921,-69.0464886976509,-2.00134749848263,56.0377299575138,49.0330137128246,-47.0316662143419,229.154288576262,196.132054851298,-267.179891047432,-104.070069921097,-73.0491836946162,-392.264109702597,274.184607292121,166.111842374059,-218.146877334607,-312.210209763291,0,0,0,0,0
2.09084135103986,-39.7765000975418,126.720186760806,113.69685710726,-101.955825820144,23.8120404025104,122.632259971829,54.1206371328817,143.085606582491,-146.4489093033,49.7608125536069,-56.8884887315773,133.058947914249,-88.7933431694629,-58.0551500185317,2.38050611531061,-157.696127266,106.124684189123,97.2797877885886,39.2786160657886,-51.1154498840298,-85.1439317477406,659.885392889407,-142.429789308273,-313.626743339424,-115.850318323501,-65.4701730406097,-129.713320945628,454.970641504405,-200.876436296109,-491.609051847348,0,0,0,0,0
2.09896882198641,56.4448918215811,24.5848623352626,-29.138699630629,-53.056202106841,39.0896741739352,93.1345110892504,-83.4713912533483,48.1290091944426,27.4851338169245,41.0129881846007,-78.9574508105993,137.340346213171,33.1687327338316,-140.74211234753,15.748560791742,-203.27364803238,180.934375537906,159.176921419624,-48.5659247009626,-233.567783852875,499.955260867218,233.366942878399,-321.469541562899,-315.51579002114,-250.879006723068,-7.80519429305429,368.583158124408,309.794610837353,-142.742432166093,-623.763394711287,0,0,0,0,0
2.11805943615418,30.7148573809743,-43.9023713733511,-198.239854701452,-62.4931469288635,-18.4509512287792,141.470112412427,83.8419134442598,337.343466860628,-58.7407304304647,118.576947195331,-62.2255772693014,118.258897528375,-230.5479977369,110.120173633279,43.341929189392,-1.37940062423703,48.2259454325699,105.884091208101,371.599452947173,-939.010657347444,66.3620456789338,78.5747355198506,-115.466591935943,-577.274163513139,-134.78642467889,26.6277971716994,-80.7366652996806,124.314213136295,-232.111657713974,-872.335808291938,0,0,0,0,0
2.12846276382325,96.1771311054701,-5.54103933908413,-55.9614015884237,8.41332260668728,91.5889898099874,24.2966709006106,291.805839628431,100.250960090832,49.7806794804733,155.37573532531,25.8244818571171,78.1467638148142,-156.169090660836,-112.230963334168,108.698348933685,-97.2794413964528,-192.451608857446,75.1701184389231,343.936685982557,-808.400880419813,-363.351260240039,610.444570385371,-193.817550894165,-546.614217003509,-15.7562288766298,248.060782147575,-419.234852975428,380.276266388089,-172.660394768183,-857.103588513602,0,0,0,0,0
2.13755927118114,131.545568709954,8.24080479538526,-146.243717346133,-1.42794128350871,50.8411847185307,30.4655371758658,-122.598456857868,52.6857555436537,-247.255532634492,76.5100838195894,-40.1134382951577,79.5923641496942,148.641779264884,-10.4130344826647,311.238770227991,-154.352970233804,13.0726808320009,75.2269280938102,-121.675105776336,-17.498944654928,-31.6747780061348,431.221531125986,-232.795189260194,-452.31112591982,118.846395348952,217.193054251203,-261.583997942039,718.010249894293,-73.7165718044459,-780.093184072778,0,0,0,0,0
2.14599864195633,111.40746727117,-118.525749085613,-174.922768577283,-63.6895855894471,-9.64306669568313,61.3656246740734,-236.041805681937,27.5940691405637,-228.078200241149,169.776993322812,-91.3087202479919,-126.458267086282,165.203809995169,-120.182788654377,85.2782669699031,-38.5680961714332,-48.8325281921674,101.467633636855,2.11456501654143,18.6903218392208,287.883312403883,50.8945444300568,-62.2699152697271,-473.055074621784,15.5660477483547,175.529016082912,-85.0065830773959,474.014384162038,-122.080535197476,-885.885418948683,0,0,0,0,0
2.1624303264004,89.9272239147854,-18.9217232425734,-159.933794560485,20.9486312406133,10.8535453457609,56.2913316612454,-211.928376602245,124.450383311089,-104.25231456151,237.246409227053,-134.275466521683,162.715235319156,-78.803094958514,-191.062669035586,-43.2388592584428,-147.319435739242,88.6791526125593,135.635072589206,215.273553214959,174.622655775708,-247.912786110887,395.694633034883,-166.932539654189,-349.09863588325,67.3323213229988,397.620998774907,-229.987498863229,286.88440625937,-90.0939280855573,-778.127035160374,0,0,0,0,0
2.17754603208359,-80.3225898658134,166.529337884829,-63.828219000205,-21.090954010129,-39.9670271858636,78.9566614069539,-131.050372053624,242.668577442339,-144.978629448774,310.332545017625,-147.911566350157,46.4981941131473,-183.012418323357,22.6875133497073,-150.345875217665,-113.000488289411,15.2487874000807,135.333399175903,309.194483065407,247.777336832394,-118.838715102639,283.317180069973,-154.976869211422,-233.03140929019,-19.7853120255453,462.496029922485,-834.587079904299,488.82006782868,-16.9577905179458,-513.92382238351,0,0,0,0,0
2.18271316310284,75.8711623009582,-25.0075252287841,179.445958608421,100.181971331645,-14.7396861290272,-18.0782239788728,-45.8044592925631,291.253848839546,16.7924699940944,367.18049449115,-97.6000490933831,-232.972264159765,-9.75349066864927,-217.657225215957,-111.565015053795,-87.1459906834901,-29.8858947127789,15.9963057908782,382.690914802255,135.473999139418,85.9930851466292,55.4348671892514,-80.6651400002818,-112.995089920025,548.993786532163,383.907342088308,-593.073971304648,388.370078121971,-12.6634173381576,-414.043395874386,0,0,0,0,0
2.20040461001886,90.6796411215295,-65.9956324165298,-113.491673983561,-102.369389082288,13.7175667837081,55.700352372673,95.6122596257219,-296.689990899607,-172.824163039091,659.033190874982,-137.198038723156,-442.671923241499,114.111617884909,34.9405987240976,-190.137081929997,172.898612474928,101.337230921566,323.132801276766,325.101885215031,-141.027777551801,-402.436077246221,255.269200285011,-89.2421438801799,-16.1902657582091,56.7035045104823,-47.2710459638779,115.661270479736,-26.0564501765644,14.3220223358449,-313.381725650312,0,0,0,0,0
2.2194867912042,28.6346224861429,-2.8162512935283,-76.2132134289782,60.0018012339499,-31.2877693496988,-10.0876637699119,-158.145084146811,978.112431120684,150.473488258915,28.169745251552,-38.0284258369555,167.525691823561,-47.2381007379099,19.3743974272054,-242.443039409228,169.44700042939,-135.070340590713,358.69975011557,53.440163707705,131.40453089247,120.096770340136,-46.4103550786796,-62.5238516325642,-107.241875578893,-179.184585960348,143.048725614646,149.3105839182,-111.14451829485,81.9752327948911,-295.567533045622,0,0,0,0,0
2.21717394346697,109.698683028957,-34.1268664856056,179.20803803854,131.29308824213,-17.6998439591511,-13.1635001605639,75.0163662639095,1521.82166484379,50.2848250363075,-541.7147026781,62.0649188015744,1001.68185203287,-108.992141407354,-178.95902917258,-118.673236454921,-56.5155945112905,-97.251783864124,72.8935747632998,-192.949696334804,221.112261065211,435.444577791778,-191.384639233544,110.221252169041,-251.988498946802,521.59748410536,449.045946770337,-307.980838293672,54.3328956177636,106.301142701983,-397.585648269429,0,0,0,0,0
2.24639438730379,67.9432448613699,10.887275916195,-49.854471906808,-247.481655065336,-43.982072531618,110.543413942088,236.903210212956,-86.3595149786937,-205.294293438634,70.3761674647071,-22.4231894263631,212.23003855537,-10.9854973453011,-92.4065126372788,-87.2093187978048,10.9618378095296,3.16583776781304,170.844038704014,252.399744433278,304.333690976468,-289.387605644123,103.118625596762,-175.543984170978,42.1962611900991,361.271573645838,475.861250517884,-161.20533870095,361.686816334036,103.081866697534,-262.693680450698,0,0,0,0,0
2.22626169375529,61.8533767678054,9.77146741175323,-112.051869154804,-41.8141920365766,-69.0014948143094,111.070678878206,-290.090233348703,202.899022620792,2.72924854841802,257.181319328891,-95.3422169027387,-239.509467471464,-56.7969352544433,-47.4202124535724,14.5753721870423,-46.9379794941193,-3.02563956822674,119.626073266259,385.512180269913,137.627597672613,106.538722817016,316.660699058517,-124.8215715666,107.576123758512,160.074934329271,218.751250493513,-269.217181272622,491.46440588682,29.0401476508385,-84.5048052843384,0,0,0,0,0
2.29349676912434,-19.6440205461713,40.8945783066974,47.5657507865496,-65.2074899608763,-62.5695516903992,46.086595612578,-11.1446740280658,75.6733748325022,-154.1104286907,190.626211705197,-44.9588203817912,-170.434562386482,-80.9425369027062,47.8355290212441,76.6126790578267,-35.0837193639944,9.24216100293729,100.741152692956,-75.2671110786363,-481.042696137057,278.849856415998,111.72637174435,-534.091509903111,-151.739977159165,-98.6484604063783,-70.4026442972071,317.282239658023,-206.488124831297,137.8925901275,-77.8809177261921,0,0,0,0,0
2.23364821898076,57.7432268681362,-24.790683878706,-90.6813311290036,-28.387830649922,15.4863880334872,-18.1330057515604,-85.5866891187488,-432.122109674696,4.91533852698275,182.584326037519,-34.3917825790807,-276.326454307573,-85.3660325307965,-130.323216456592,221.37654134367,-46.3712632357538,-19.8747859011179,137.969350832822,-268.562449669231,141.6636680582,-279.663882751275,41.3170702332814,-586.415140914582,-65.9231554272853,120.40149442402,247.613433407627,602.398152256525,-187.759494689364,250.293630650863,-105.65246727842,0,0,0,0,0
2.33207538144143,11.5224167426231,54.8884228105561,-264.068871698355,-87.5723202836051,-23.9350707976604,-21.230121612254,26.0431517891736,250.129140801016,148.062335665016,139.420488903384,-22.4222470196581,208.404378087623,-103.495412501263,-40.3471726505254,174.326198440367,-41.7552989657494,17.6386933102492,129.60965103421,-67.425344519468,207.048929226421,643.591503736012,414.707959635341,-6.32099524595325,73.9564331320555,-159.049217903376,337.943987018909,-535.885258664962,604.617575859551,501.86455455187,-102.636343225249,0,0,0,0,0
2.24535142234318,5.90079548519927,-27.8390301157095,2.7799203746128,-76.3586903066134,-21.4674571041543,110.630750292974,-225.024274429759,180.412159619706,161.088589578668,482.698954361343,-211.930292745065,-533.650610348354,-57.7057925662412,68.3158983266446,-49.0392258939374,-95.5061925561248,92.0469719284384,134.862575351401,152.638277875687,271.753505058348,241.769616528386,333.541740093044,-407.468277293257,177.981596820636,-112.579593469604,434.89902159859,-388.912600463877,270.498031375761,742.450498245115,-38.3135938941047,0,0,0,0,0
2.37929400626899,106.152875835666,-200.118146898654,60.9942040117638,244.770237939753,251.23562466398,405.088682677522,-546.115750669181,-507.400050112323,91.4104973395565,627.740547045022,-375.114769253117,-1144.20060906439,112.561417730955,-29.699401981434,-125.553714375951,-135.990562824535,-2.13358216406306,184.507916915898,-68.9256860397203,254.029133819396,-326.039663663545,-68.1559347350739,252.734143100814,132.83125139567,211.719243565465,13.3548497822277,-264.997697267196,-133.391296389616,598.752395749217,124.940826813797,0,0,0,0,0
2.24120678236814,-115.395155052341,37.7180514299694,4.10191005334425,67.4986876265631,31.675809743942,87.7032699906927,125.829376669,284.995627100833,72.0471189085608,-77.1723371432732,35.419872459314,312.289818064719,-17.0758311245571,21.605327019361,106.83701267954,-56.2202057476337,18.7198370145811,130.447736260731,82.6734597356073,40.1491729860328,206.075257315989,-237.968942750005,-8.93524384297512,83.840212612639,18.7248272332566,243.434538413946,103.572882871838,126.179674984304,581.92492500685,113.26482300921,0,0,0,0,0
