6.64999985694885,-38,26,-17463,-19,12,-19,-921,-862,-17282,11,22,-32,-463,-291,-16774,-18,75,6,188,-993,-16586,-1,-113,110,176,-961,-17521,-136,202,629,14,0,0,0,0
6.66999983787537,7,-77,-17533,-39,-24,-121,-966,-1013,-17464,2,70,-157,-547,-572,-16709,-27,271,-166,132,-732,-16687,-14,-112,93,126,-723,-17461,-141,307,702,11,0,0,0,0
6.67999982833862,17,-37,-17475,-108,-102,-233,-854,-873,-17271,-100,142,-532,-596,-955,-14415,-44,56,-561,-55,-834,-16130,59,-305,110,-200,-1061,-17661,-318,323,969,12,0,0,0,0
6.70000004768372,-136,22,-17810,-108,-135,-295,-679,-825,-17186,-272,175,-797,3,-228,-16992,-132,142,-733,-189,-976,-16536,-237,-89,-20,193,-1004,-17294,-375,313,1119,18,0,0,0,0
6.71000003814697,-96,56,-17658,-140,-133,-258,-822,-904,-17172,-282,188,-862,-218,-400,-16775,-125,266,-707,114,-962,-16519,-44,-258,173,177,-1108,-17437,-506,210,1308,15,0,0,0,0
6.72000002861023,-63,10,-17526,-119,-121,-293,-965,-883,-17155,-275,137,-677,-1015,-678,-17122,-137,57,-604,474,-1133,-16461,-896,383,109,486,-1131,-17485,-649,197,1264,17,0,0,0,1
6.74000000953674,-129,-21,-17517,-159,-181,-452,-870,-894,-17428,-169,83,-824,-537,-427,-16391,-56,90,-648,764,-1190,-16578,-200,-168,208,87,-761,-17193,-419,46,1387,13,0,0,0,0
6.75,-201,210,-17809,-250,-160,-274,-966,-800,-17061,-72,-86,-842,-339,-313,-17008,99,220,-513,-29,-1733,-16025,-671,408,260,-77,-1184,-17126,-501,-133,1408,12,0,0,0,0
6.76999998092651,-161,-146,-17641,-383,25,-554,-885,-731,-17195,-144,57,-751,-258,-130,-16650,52,231,-531,-396,-1342,-16083,-376,3,589,-23,-1512,-17025,-375,-13,1033,14,0,0,0,0
6.77999997138977,-46,179,-17527,-102,-20,-202,-959,-648,-17440,-93,34,-481,-336,-229,-16953,60,201,-342,-55,-841,-16530,-97,-140,358,130,-1303,-17140,-207,-88,932,15,0,0,0,0
6.78999996185303,-32,20,-17389,-158,44,-149,-908,-832,-17322,-71,52,-401,-485,-200,-16607,68,205,-378,-52,-1096,-16313,122,-104,237,15,-1316,-17272,-121,-103,464,15,0,0,0,0
6.80999994277954,-88,173,-17492,-85,23,-94,-1004,-733,-17392,-40,47,-321,-409,-238,-16870,120,245,-308,54,-1325,-16560,172,-184,199,-30,-1500,-16931,-30,63,370,13,0,0,0,0
6.8199999332428,-70,103,-17584,-8,5,-85,-954,-684,-17371,-31,57,-321,-315,-214,-16757,91,264,-294,340,-845,-16774,84,56,229,649,-1364,-17704,-34,83,330,12,0,0,0,0
6.82999992370605,5,17,-17535,-112,48,-177,-857,-875,-17413,-38,53,-287,-359,-282,-16782,51,124,-246,-64,-948,-16186,-126,275,166,0,-1286,-17204,171,133,428,13,0,0,0,0
6.83999991416931,-108,118,-17500,-93,18,-117,-927,-613,-17349,-44,11,-145,-409,-127,-16831,3,104,-144,-98,-889,-15938,-105,84,377,-16,-1262,-17040,330,138,446,16,0,0,0,0
6.85999989509583,-167,5,-17493,-146,172,126,-923,-797,-17302,-254,115,-50,-518,-201,-16800,-80,201,-161,-39,-813,-16025,-63,-39,276,251,-1121,-17433,228,-145,171,18,0,0,0,0
6.86999988555908,-29,32,-17694,-23,92,27,-1008,-554,-17218,-60,44,-3,-423,49,-16667,17,34,-96,110,-1434,-16741,92,19,53,-61,-1483,-17136,-46,9,18,11,0,0,0,0
6.87999987602234,-49,15,-17447,-16,9,-38,-889,-767,-17316,-43,29,-128,-349,-300,-16737,41,187,-105,-29,-792,-16616,93,-72,144,128,-1300,-17159,-48,57,98,12,0,0,0,0
6.89999985694885,-58,117,-17502,-35,4,-14,-920,-723,-17352,-45,-4,-99,-465,-259,-16646,7,123,-132,-136,-1154,-15879,-251,-76,221,125,-1338,-17094,199,0,146,16,0,0,0,0
6.90999984741211,-110,196,-17561,-6,58,15,-958,-747,-17343,-44,7,-61,-273,-139,-17104,84,131,-216,260,-777,-16945,-153,176,-26,356,-1073,-17727,49,-189,-18,15,0,0,0,0
6.91999983787537,-25,29,-17420,-29,14,-8,-965,-901,-17281,-35,6,-174,-412,-339,-16837,53,81,-260,48,-1141,-16350,-115,-27,2,268,-1454,-17079,18,5,47,14,0,0,0,0
6.92999982833862,-139,273,-17637,7,8,-52,-913,-444,-17445,-32,38,-145,-366,-192,-16752,64,157,-183,-114,-1153,-16199,-120,-73,148,-21,-1347,-17297,8,224,128,12,0,0,0,0
6.95000004768372,16,-72,-17511,15,40,2,-970,-842,-17283,-9,-10,-48,-366,-192,-16752,64,157,-183,32,-1059,-15977,-66,-123,250,62,-1391,-16979,260,48,131,15,0,0,0,0
6.96000003814697,-165,280,-17558,-2,37,15,-951,-545,-17293,-39,-6,-65,-563,-116,-16375,23,95,-170,43,-1124,-16708,211,105,120,209,-1346,-17446,161,-207,135,16,0,0,0,0
6.97000002861023,7,-112,-17433,18,16,-22,-907,-926,-17219,-29,31,-161,-254,-279,-16649,59,162,-173,55,-969,-16608,-23,67,130,353,-1383,-17337,190,200,115,15,0,0,0,0
6.99000000953674,-146,159,-17647,11,13,-31,-930,-544,-17389,-38,10,-156,-369,-128,-16753,56,113,-212,-69,-1042,-15869,260,-143,307,-159,-1310,-17305,101,155,201,13,0,0,0,0
7,-9,-25,-17579,3,15,-11,-969,-868,-17333,-45,-20,-75,-284,-230,-16811,41,137,-109,-16,-1192,-16520,167,133,241,154,-1368,-17310,332,81,207,14,0,0,0,0
7.00999999046326,-144,279,-17500,19,48,4,-921,-515,-17373,-8,31,-84,-461,-21,-16813,75,190,-148,-57,-859,-16133,87,-23,87,-150,-1414,-17485,86,-175,55,17,0,0,0,0
7.01999998092651,36,-10,-17462,9,74,31,-972,-701,-17186,-28,33,-49,-364,-169,-16423,75,190,-148,3,-906,-16763,193,-39,108,198,-1200,-17371,111,55,18,15,0,0,0,0
7.03999996185303,-81,136,-17549,-8,1,-20,-920,-639,-17398,-39,-4,-79,-493,-137,-16864,-1,124,-54,-31,-1070,-16018,-47,-47,191,-173,-1858,-16713,155,172,137,13,0,0,0,0
7.04999995231628,-81,136,-17549,-8,1,-20,-962,-583,-17265,10,-17,-12,-456,-100,-16786,33,289,-43,137,-976,-16540,200,80,102,393,-1049,-17533,261,-114,-64,11,0,0,0,0
7.05999994277954,-50,36,-17557,-9,22,-12,-1042,-782,-17188,-22,23,-70,-903,502,-16686,114,32,-122,98,-1350,-16649,-141,274,-225,190,-1414,-17555,-39,-133,-70,15,0,0,0,0
7.0699999332428,96,36,-17459,-12,22,-4,-907,-718,-17302,-66,-16,-114,-210,-198,-16688,-5,63,-115,-68,-1242,-16239,-107,-1,74,65,-1266,-17107,170,205,129,18,0,0,0,0
7.08999991416931,-119,196,-17549,11,33,11,-923,-571,-17349,-17,-23,-27,-528,-85,-16909,-11,183,-76,-219,-866,-16095,-105,-8,166,260,-1269,-17577,151,136,49,14,0,0,0,0
7.09999990463257,-15,137,-17504,11,49,18,-941,-704,-17233,-3,0,-31,-562,-181,-16668,42,174,-110,-99,-1196,-16632,94,208,-133,-161,-1460,-17002,-13,-228,-37,12,0,0,0,0
7.10999989509583,-110,87,-17511,-25,21,4,-981,-686,-17262,-48,32,-92,102,244,-17538,63,142,27,105,-1388,-16376,297,-221,164,363,-1551,-17181,72,12,122,13,0,0,0,0
7.12999987602234,-32,-39,-17518,-7,1,-13,-1023,-767,-17362,-33,29,-69,-453,-324,-16737,-4,28,35,-246,-1162,-16364,-464,-127,196,281,-1330,-17500,210,308,207,17,0,0,0,0
7.1399998664856,-81,168,-17670,8,41,16,-897,-477,-17359,-43,-53,-8,-405,-57,-16784,-31,67,-75,-57,-1391,-16343,689,-732,595,56,-1506,-17215,193,-5,203,15,0,0,0,0
7.14999985694885,-207,355,-17580,108,118,359,-1178,-417,-17676,-462,179,125,-151,-356,-16593,-415,308,-225,371,-1865,-17177,-55,624,62,429,-1641,-17650,78,-159,193,13,0,0,0,0
7.15999984741211,-369,51,-17018,-933,-71,-67,-938,-761,-17305,-136,112,-27,-308,-304,-16746,-63,252,-85,128,-1667,-16419,28,107,21,-68,-1707,-17261,10,145,43,12,0,0,0,0
7.17999982833862,13,-73,-17351,-60,13,12,-966,-780,-17163,-52,26,10,-230,-226,-16622,-13,50,55,-39,-807,-15975,-376,31,273,67,-1331,-17273,203,324,243,16,0,0,0,0
7.19000005722046,-116,171,-17677,-18,22,21,-911,-705,-17351,-4,-51,-18,-668,-154,-16551,-14,12,-8,-339,-1390,-16382,-132,77,95,250,-1348,-17326,234,-137,-10,15,0,0,0,0
7.20000004768372,-93,86,-17475,24,52,7,-965,-690,-17356,-42,22,-23,-612,-262,-16661,0,213,-181,-65,-1027,-16097,16,-160,152,396,-1517,-17184,16,-134,-150,11,0,0,0,0
7.22000002861023,-68,116,-17543,-5,28,-14,-996,-720,-17257,-94,103,-212,126,112,-16760,48,97,-272,208,-1037,-16281,249,20,-7,-212,-1594,-17384,-156,83,-24,12,0,0,0,0
7.23000001907349,56,-36,-17425,-31,2,-18,-908,-735,-17299,14,-13,-92,-257,-235,-16667,-16,120,-43,-199,-1212,-16555,47,143,40,-292,-1559,-16736,-20,167,35,16,0,0,0,0
7.24000000953674,-95,224,-17599,5,24,18,-981,-564,-17406,-14,-14,-13,-533,-75,-16757,16,-11,68,-56,-1351,-16155,-129,86,57,317,-1529,-17559,206,-133,119,17,0,0,0,0
7.25,-76,154,-17591,22,59,31,-930,-725,-17270,-6,-11,-6,-365,-139,-16721,-18,77,-54,25,-1063,-16411,17,28,42,204,-1229,-17621,192,-202,-49,14,0,0,4,0
7.26999998092651,-68,104,-17688,10,41,-1,-894,-667,-17326,13,3,-34,-289,-194,-16579,-24,209,-138,-70,-1182,-16347,155,-60,-24,118,-1512,-17245,-71,64,-97,12,0,0,0,0
7.27999997138977,-68,104,-17688,10,41,-1,-903,-800,-17229,-21,-4,-26,-296,-283,-16553,74,15,-58,-67,-1180,-16657,143,-41,20,-152,-1794,-16724,-106,150,-25,14,0,0,0,0
7.28999996185303,-130,111,-17479,-1,0,-8,-1016,-648,-17350,22,-47,-2,-598,-64,-16825,41,-65,87,-237,-1325,-16333,57,-97,44,89,-1289,-17158,190,-134,-18,14,0,0,0,0
7.30999994277954,-190,220,-17582,20,45,22,-968,-701,-17316,52,-48,53,-365,-99,-16605,-5,48,-41,-66,-1016,-16122,-73,-22,-37,194,-1400,-17467,61,-242,-208,14,0,0,0,0
7.3199999332428,-92,110,-17498,21,43,17,-896,-749,-17273,6,-18,11,-408,-91,-16645,5,94,-59,-43,-1207,-16461,135,56,-201,194,-1400,-17467,61,-242,-208,10,0,0,0,0
7.32999992370605,-52,86,-17560,11,44,13,-927,-647,-17362,-7,7,-9,-408,-91,-16645,5,94,-59,-48,-1178,-16732,163,45,-88,-64,-1586,-17273,-184,133,-67,14,0,0,0,0
7.33999991416931,21,-10,-17473,1,17,14,-819,-809,-17264,-7,7,6,-483,-172,-16511,23,-126,122,-57,-1255,-16440,-9,-60,-18,-5,-1550,-17236,-63,-41,-14,14,0,0,0,0
7.35999989509583,-111,115,-17443,5,16,17,-969,-547,-17458,-1,-4,1,-496,-24,-16785,-19,-38,38,86,-958,-16201,-102,-85,-20,93,-1564,-17259,-103,-234,-117,16,0,0,0,0
7.36999988555908,-84,47,-17498,-19,6,1,-944,-744,-17277,-23,-1,-39,-392,-213,-16597,-30,80,-89,31,-1271,-16495,-77,60,-108,38,-1431,-17214,-54,7,-79,12,0,0,0,0
7.37999987602234,-30,81,-17452,-4,9,-5,-927,-589,-17328,0,-5,-48,-291,-84,-16699,-28,68,-44,7,-1082,-16362,5,50,-15,-34,-1360,-17074,-50,90,-44,14,0,0,0,0
7.3899998664856,-50,164,-17512,-13,0,-5,-979,-612,-17334,-9,4,-11,-316,-186,-16608,15,-18,43,-31,-1110,-16456,12,-4,49,120,-1497,-17347,65,22,63,16,0,0,0,0
7.39999985694885,-22,37,-17512,3,33,16,-882,-630,-17275,-2,2,10,-454,-83,-16612,12,-39,51,54,-1129,-16443,61,-33,25,176,-1411,-17388,121,-118,35,13,0,0,0,0
7.41999983787537,-71,77,-17479,-4,8,1,-928,-655,-17303,-5,-8,-17,-383,-159,-16652,-18,30,-8,-74,-1212,-16363,-13,-2,-14,67,-1443,-17262,70,37,-9,13,0,0,0,0
7.42999982833862,-39,67,-17521,-1,15,-1,-944,-692,-17259,0,-13,-14,-426,-127,-16671,-9,8,-32,-15,-1060,-16366,47,67,-3,104,-1352,-17280,32,139,-22,15,0,0,0,0
7.44000005722046,-63,144,-17563,-18,-7,-13,-937,-673,-17281,-13,10,-28,-388,-115,-16693,-10,17,-4,-92,-1158,-16416,31,120,-38,90,-1476,-17347,-16,-20,-2,15,0,0,0,0
7.45000004768372,-5,73,-17488,7,12,0,-940,-704,-17351,-11,21,-12,-388,-149,-16666,-4,7,17,-16,-1097,-16387,46,-10,2,127,-1394,-17262,7,-66,-20,9,0,0,0,0
7.46000003814697,-66,134,-17480,2,22,12,-875,-642,-17340,0,6,3,-412,-161,-16700,3,21,-2,-53,-1126,-16362,6,-20,-37,85,-1397,-17348,-39,-64,-17,13,0,5,0,0
7.47000002861023,-34,69,-17479,-3,38,3,-946,-713,-17254,-1,-2,-5,-453,-141,-16617,-4,21,-14,-19,-1203,-16357,-15,-9,-26,132,-1440,-17308,-100,34,-19,15,0,0,0,0
7.49000000953674,-42,131,-17512,4,15,-7,-928,-635,-17370,-15,2,-21,-433,-110,-16692,-17,36,-28,-21,-1138,-16387,6,24,-11,76,-1407,-17296,-63,6,1,14,0,0,0,0
7.5,-100,81,-17511,0,20,-5,-915,-660,-17291,-4,3,-16,-396,-151,-16633,-15,24,-22,-75,-1209,-16320,-13,46,-13,94,-1471,-17270,-4,-57,-1,11,0,0,0,0
7.50999999046326,-63,97,-17423,-6,23,6,-933,-635,-17316,-1,-6,2,-376,-159,-16652,-6,18,19,-25,-1156,-16455,-9,15,-16,148,-1389,-17285,12,-17,-6,14,0,0,0,0
7.51999998092651,-55,64,-17596,-14,11,11,-936,-706,-17314,-5,-8,-13,-428,-141,-16661,9,15,-8,-35,-1192,-16395,-27,-13,9,129,-1471,-17342,30,64,-1,15,0,0,0,0
7.53999996185303,-54,96,-17523,-3,20,-6,-927,-677,-17344,-11,0,-10,-381,-126,-16718,-1,20,-13,-54,-1162,-16381,-5,-21,19,69,-1345,-17255,24,29,8,11,0,0,0,0
7.54999995231628,-70,126,-17494,-5,25,-21,-948,-689,-17306,1,-5,-14,-337,-110,-16681,-4,22,-13,-80,-1191,-16354,21,41,-5,83,-1453,-17300,37,-3,2,10,0,0,0,0
7.55999994277954,-78,124,-17526,-1,19,-1,-930,-655,-17346,-7,4,-12,-400,-130,-16703,7,14,-4,-21,-1138,-16403,28,63,-12,98,-1429,-17279,32,-10,-11,14,0,0,0,0
7.5699999332428,-63,80,-17550,-9,29,-2,-929,-656,-17281,-8,2,-12,-384,-128,-16663,-1,17,-13,-31,-1198,-16388,8,27,-11,79,-1484,-17366,-28,7,22,14,0,0,0,0
7.57999992370605,-41,108,-17486,-7,16,-1,-934,-675,-17292,-8,1,-21,-389,-94,-16661,-4,28,-20,-60,-1134,-16364,24,2,-1,95,-1410,-17335,-48,-6,-5,12,0,0,0,0
7.59999990463257,-66,124,-17509,-1,5,-10,-913,-684,-17280,-9,13,-20,-357,-138,-16620,8,20,-19,-72,-1129,-16357,24,5,-3,115,-1509,-17291,-38,-25,17,14,0,0,0,0
7.60999989509583,-42,108,-17488,-1,16,4,-941,-658,-17290,5,2,-11,-364,-141,-16685,6,27,5,-47,-1136,-16398,37,35,-17,90,-1443,-17264,-36,-31,5,15,0,0,0,0
7.61999988555908,-83,96,-17598,4,15,7,-922,-673,-17300,-15,-12,-5,-383,-171,-16690,-2,22,-5,-65,-1178,-16391,8,45,-13,77,-1458,-17328,2,10,-2,12,0,0,0,0
7.62999987602234,-51,96,-17528,15,32,1,-923,-626,-17324,-10,-9,2,-406,-154,-16675,-2,17,1,-12,-1192,-16370,-15,23,7,86,-1421,-17271,4,16,4,11,0,0,0,0
7.6399998664856,-33,115,-17522,12,20,1,-967,-685,-17386,-3,-7,-7,-385,-164,-16655,-3,21,1,-63,-1149,-16376,-13,6,-1,82,-1418,-17272,9,35,7,16,0,0,0,0
7.64999985694885,-47,108,-17479,-7,24,7,-908,-636,-17322,-11,1,-11,-380,-114,-16585,-8,29,-8,-56,-1182,-16343,-21,25,-7,81,-1422,-17272,12,11,12,12,0,0,0,0
7.66999983787537,-48,74,-17549,-8,22,4,-908,-636,-17322,-11,1,-11,-387,-185,-16677,-2,31,-6,-24,-1186,-16404,21,12,-1,119,-1424,-17315,8,23,18,10,0,0,0,0
7.67999982833862,-31,92,-17575,-8,26,2,-921,-622,-17261,-13,5,-18,-443,-123,-16583,0,34,-13,-20,-1209,-16376,10,-7,-2,128,-1452,-17255,-16,12,18,13,0,0,0,0
7.69000005722046,-57,102,-17504,9,11,-9,-919,-687,-17364,-18,-1,-31,-394,-145,-16727,-6,23,-10,-29,-1149,-16359,20,16,2,65,-1413,-17311,-10,16,11,16,0,0,0,0
7.70000004768372,-35,118,-17566,5,4,-4,-930,-688,-17315,-21,3,-26,-428,-163,-16727,-6,23,-10,-83,-1216,-16321,15,41,-19,92,-1434,-17303,-17,-17,15,11,1,3,0,0
7.72000002861023,-79,98,-17526,-2,22,2,-928,-659,-17345,-13,1,-8,-392,-152,-16663,-1,24,9,24,-1180,-16422,39,37,-11,79,-1418,-17284,-5,-27,-7,11,0,0,0,0
7.72000002861023,-46,57,-17484,-7,31,2,-920,-705,-17373,-10,-3,-10,-397,-95,-16642,-9,12,3,-17,-1181,-16475,25,42,-8,134,-1429,-17324,-4,-9,-1,15,0,0,0,0
7.74000000953674,-54,93,-17548,-1,14,-2,-963,-677,-17290,4,9,-18,-390,-175,-16666,-5,40,-13,-36,-1141,-16398,22,17,-9,75,-1420,-17256,-3,12,-10,11,0,0,0,0
7.75,-16,100,-17545,-10,19,-7,-941,-683,-17371,-7,8,4,-433,-204,-16717,-7,17,-18,-32,-1146,-16406,-2,18,2,88,-1399,-17245,8,12,15,11,0,0,0,3
7.75999999046326,-20,81,-17541,-1,18,-4,-926,-657,-17344,-8,7,-6,-399,-172,-16632,-9,20,-10,-33,-1133,-16402,-1,30,-3,114,-1419,-17281,4,-18,28,14,0,0,0,0
7.76999998092651,-10,114,-17523,-10,19,-6,-936,-673,-17290,-4,-7,-13,-393,-160,-16658,-10,39,-2,-19,-1204,-16417,-9,8,-2,94,-1432,-17311,7,20,39,15,0,0,0,0
7.78999996185303,-52,85,-17513,-1,15,-15,-912,-674,-17285,-13,4,-20,-406,-157,-16622,6,46,-27,-20,-1166,-16369,-30,-4,12,93,-1438,-17265,-24,26,22,10,0,0,0,0
7.79999995231628,-57,95,-17537,-8,16,-20,-926,-667,-17316,-2,11,-20,-423,-182,-16690,5,22,-6,-20,-1151,-16334,-3,7,1,127,-1506,-17359,-10,12,25,13,0,0,0,0
7.80999994277954,-18,103,-17494,-14,23,1,-958,-664,-17303,-10,7,-15,-401,-177,-16605,13,16,-1,-44,-1171,-16351,13,27,-15,99,-1442,-17319,-6,-13,16,15,0,0,0,0
7.8199999332428,-50,124,-17524,-1,24,3,-949,-658,-17312,-5,-5,-12,-399,-152,-16593,0,25,-10,0,-1141,-16429,15,31,-10,93,-1414,-17249,-16,-10,-1,15,0,0,0,0
7.82999992370605,-41,101,-17543,-3,23,-3,-943,-674,-17292,-10,3,-15,-426,-169,-16682,6,17,-2,-27,-1166,-16382,-7,23,-4,129,-1459,-17334,-10,18,17,10,0,0,0,0
7.84999990463257,-45,113,-17529,-8,12,-4,-918,-646,-17372,-11,-6,-11,-369,-158,-16691,-5,19,-1,-47,-1175,-16437,22,33,-1,95,-1455,-17296,-2,2,7,14,0,0,0,0
7.85999989509583,-67,128,-17533,-3,24,3,-912,-659,-17380,-12,-10,-21,-382,-188,-16612,-2,11,-5,-24,-1149,-16370,16,44,-7,120,-1496,-17330,-9,-6,-7,14,0,0,0,0
7.86999988555908,-59,98,-17525,-2,22,4,-929,-680,-17364,-11,5,-13,-391,-172,-16629,-4,13,2,12,-1156,-16440,10,29,-2,83,-1388,-17324,5,-7,1,10,0,0,0,0
7.87999987602234,-41,93,-17470,2,17,-4,-891,-643,-17307,-6,-1,-12,-387,-89,-16606,-12,16,6,-42,-1183,-16427,10,30,-23,83,-1453,-17306,2,-10,-9,11,0,0,0,0
7.8899998664856,-58,123,-17491,5,26,-5,-926,-660,-17382,-13,8,-13,-387,-89,-16606,-12,16,6,-27,-1150,-16343,-6,25,-10,101,-1420,-17319,-4,-3,6,12,0,0,0,0
7.89999985694885,-73,92,-17497,-2,21,10,-912,-702,-17317,-12,-2,-8,-367,-137,-16627,-2,18,3,-1,-1161,-16407,2,10,-1,69,-1409,-17262,7,2,-7,14,0,0,0,0
7.91999983787537,-48,87,-17468,1,28,-1,-948,-692,-17340,3,6,-17,-481,-159,-16622,-4,22,0,-44,-1171,-16397,14,19,-4,142,-1430,-17321,0,-15,-20,9,0,0,0,0
7.92999982833862,-38,130,-17498,2,26,-4,-942,-686,-17351,-4,14,-12,-481,-159,-16622,-4,22,0,-46,-1154,-16419,5,12,-6,128,-1434,-17316,-19,-22,-2,12,0,0,0,0
7.94000005722046,-52,106,-17547,-2,21,5,-916,-670,-17310,-17,-19,-10,-423,-169,-16663,1,11,-4,-47,-1171,-16417,-5,6,-1,95,-1432,-17290,-2,12,-5,15,0,0,0,0
7.95000004768372,-94,80,-17576,5,25,8,-955,-683,-17312,-7,6,-24,-399,-160,-16672,-10,12,9,2,-1159,-16383,18,20,0,143,-1440,-17287,-9,3,-4,10,0,0,0,0
7.96000003814697,-40,121,-17564,-5,29,0,-864,-630,-17273,-2,-3,-6,-415,-128,-16657,3,25,-3,-41,-1158,-16442,4,33,-13,125,-1441,-17301,10,-8,-1,12,0,0,0,0
7.97000002861023,-43,113,-17533,15,11,4,-914,-644,-17277,-11,4,-12,-393,-169,-16659,-7,20,1,-50,-1163,-16406,16,21,-10,132,-1435,-17266,3,6,4,14,0,0,0,0
7.99000000953674,-39,113,-17578,-1,25,-5,-963,-737,-17334,-2,1,-11,-386,-161,-16629,-2,13,-8,3,-1130,-16400,4,25,-2,140,-1438,-17273,10,21,7,11,0,0,0,0
8,-81,112,-17572,-3,18,6,-956,-704,-17279,3,-2,-18,-428,-160,-16620,9,23,4,-49,-1152,-16437,7,31,2,111,-1441,-17293,6,10,-6,10,0,0,0,0
8.00999999046326,-43,78,-17488,-5,11,6,-918,-672,-17321,-4,2,-9,-412,-160,-16683,2,42,-10,-40,-1159,-16407,14,31,-11,101,-1413,-17323,-16,7,1,16,0,0,0,0
8.01999998092651,-84,87,-17491,8,22,11,-988,-682,-17338,8,-4,-10,-364,-119,-16651,-9,36,-3,-22,-1138,-16402,16,12,-8,128,-1375,-17260,-19,-5,2,12,0,0,0,0
8.02999997138977,-38,100,-17537,6,17,-4,-949,-660,-17335,-5,-2,-15,-408,-166,-16714,11,23,1,-43,-1182,-16352,8,15,0,93,-1441,-17301,-5,13,-12,9,0,0,0,0
8.03999996185303,-83,108,-17527,-7,15,-5,-963,-674,-17345,1,-4,-8,-382,-149,-16677,6,24,-9,-40,-1207,-16332,5,24,-2,92,-1446,-17290,-11,-5,-12,12,0,0,0,0
8.05999994277954,-71,98,-17456,-8,18,-2,-970,-667,-17357,3,8,-20,-382,-141,-16713,4,20,-1,6,-1133,-16357,3,10,-4,106,-1436,-17318,-15,7,-4,15,0,0,0,0
8.0699999332428,-39,129,-17521,4,22,3,-960,-653,-17270,-2,5,-5,-445,-157,-16719,-7,12,4,-32,-1147,-16354,8,17,-13,88,-1415,-17279,-16,-5,1,12,0,0,0,0
8.07999992370605,-55,110,-17503,1,16,-2,-943,-653,-17327,2,-9,-8,-400,-120,-16640,-5,25,9,-28,-1145,-16399,1,21,-12,107,-1395,-17277,-7,-20,-9,11,0,0,0,0
8.08999991416931,-41,61,-17514,-4,7,4,-905,-705,-17296,-8,5,-13,-398,-144,-16703,-7,24,-10,-55,-1160,-16386,18,19,-12,107,-1395,-17277,-7,-20,-9,16,0,0,0,0
8.09999990463257,-62,119,-17522,-4,17,5,-956,-675,-17277,-7,-2,-5,-416,-154,-16658,1,33,-9,-70,-1153,-16383,6,20,-1,78,-1446,-17274,3,-9,2,11,0,0,0,0
8.11999988555908,-27,99,-17504,6,26,-5,-938,-652,-17321,-17,-2,-25,-374,-90,-16714,0,14,-5,-20,-1166,-16384,15,16,0,99,-1452,-17293,-2,1,-2,10,0,0,0,0
8.12999987602234,-39,77,-17545,-1,35,-4,-912,-650,-17289,0,2,-19,-378,-128,-16630,4,18,-5,-78,-1167,-16378,19,12,1,118,-1449,-17312,-10,-3,10,13,0,0,0,0
8.1399998664856,-33,66,-17504,-4,32,-14,-934,-640,-17366,0,2,-19,-435,-151,-16638,-6,5,0,-27,-1167,-16360,19,18,-3,110,-1402,-17287,1,4,6,13,0,0,0,0
8.14999985694885,-51,104,-17508,-2,20,-15,-917,-660,-17288,-8,-2,-12,-410,-155,-16678,-7,8,11,-61,-1126,-16406,1,25,-11,78,-1413,-17261,-6,-2,-2,11,0,0,0,0
8.15999984741211,-53,110,-17480,1,13,2,-908,-680,-17308,-9,-2,-14,-423,-167,-16680,1,24,-6,-47,-1180,-16405,12,19,-5,146,-1415,-17309,-2,6,-7,15,0,0,0,0
8.16999983787537,-56,104,-17481,-5,25,1,-930,-674,-17289,2,3,-14,-414,-167,-16658,1,10,-9,16,-1188,-16390,-1,26,-9,134,-1443,-17267,2,-7,0,15,0,0,0,0
8.19000005722046,-46,108,-17482,21,19,3,-918,-667,-17322,-1,-2,-16,-437,-180,-16709,-9,14,-3,-22,-1149,-16367,0,15,2,110,-1440,-17241,-5,-5,4,10,0,0,0,0
8.20000004768372,-50,125,-17601,-5,14,1,-947,-680,-17288,2,-6,-7,-401,-196,-16695,0,38,5,-65,-1164,-16368,-4,25,-8,138,-1460,-17296,-1,0,-3,11,0,0,0,0
8.21000003814697,-45,129,-17519,5,13,0,-913,-687,-17320,-1,-1,-8,-402,-140,-16616,3,21,-2,-5,-1206,-16400,-3,27,-8,143,-1423,-17267,2,5,-14,13,0,0,0,0
8.22000002861023,-27,61,-17563,-2,15,2,-930,-718,-17288,-8,-2,-8,-383,-168,-16661,-8,25,-3,-12,-1169,-16416,1,20,-9,145,-1424,-17317,-1,-8,-2,12,0,0,0,0
8.23000001907349,-32,102,-17538,-9,28,7,-928,-637,-17316,-5,-15,-9,-438,-178,-16650,-7,19,-1,14,-1193,-16360,3,23,-8,152,-1425,-17340,-12,-23,0,9,0,0,0,0
8.24000000953674,-68,111,-17471,-15,28,17,-887,-629,-17307,-1,-9,-10,-416,-156,-16639,7,26,-5,-33,-1167,-16401,6,21,-5,103,-1460,-17308,4,1,-15,14,0,0,0,0
8.25999999046326,-68,74,-17480,-4,20,0,-894,-607,-17313,-1,-4,-24,-416,-134,-16636,6,22,1,-58,-1119,-16433,26,33,-8,158,-1401,-17297,-5,-9,-1,15,0,0,0,0
8.26999998092651,-58,105,-17447,0,11,-20,-915,-634,-17284,-7,-7,-4,-385,-141,-16591,-4,31,-2,-46,-1161,-16413,17,30,-11,108,-1409,-17267,-7,-1,-8,11,0,0,0,0
8.27999997138977,-27,98,-17575,10,14,-10,-930,-686,-17309,-9,0,-11,-385,-138,-16621,-6,21,2,-9,-1191,-16350,10,16,-3,107,-1429,-17323,5,-12,2,12,0,0,0,0
8.28999996185303,-58,76,-17529,5,23,-13,-966,-692,-17406,-12,2,-6,-427,-135,-16631,-16,6,7,-49,-1151,-16427,23,23,0,103,-1411,-17268,-7,1,-6,15,0,0,0,0
8.29999995231628,-59,102,-17528,-4,29,5,-869,-632,-17276,-9,-1,-24,-407,-145,-16645,-11,14,7,-44,-1161,-16374,9,24,-15,108,-1397,-17330,-1,6,0,12,0,0,0,0
8.30999994277954,-53,120,-17515,8,17,4,-901,-658,-17314,-14,-5,-17,-420,-139,-16687,-6,9,2,-4,-1139,-16411,12,17,6,152,-1449,-17351,-5,-6,-8,10,0,0,0,0
8.32999992370605,-30,107,-17554,-2,19,-4,-971,-674,-17287,-8,1,-8,-428,-171,-16587,-2,27,7,-63,-1189,-16457,22,15,-15,98,-1433,-17321,-2,3,4,15,0,0,0,0
8.33999991416931,-66,107,-17478,9,18,0,-899,-694,-17310,-10,-6,-15,-399,-154,-16672,-4,24,-9,-56,-1200,-16438,-3,22,-13,92,-1427,-17307,1,-10,2,13,0,0,0,0
8.34999990463257,-48,127,-17502,0,13,-5,-886,-652,-17295,-3,2,-16,-368,-153,-16661,-8,7,3,-45,-1148,-16384,0,16,-6,112,-1419,-17211,-11,27,-16,9,0,0,0,0
8.35999989509583,-70,137,-17457,3,31,9,-936,-669,-17379,-4,-7,-12,-397,-150,-16632,2,10,-8,-71,-1178,-16383,10,12,-7,90,-1441,-17273,3,6,-4,14,0,0,0,0
8.36999988555908,-30,123,-17539,-1,30,-2,-891,-668,-17350,-1,7,-8,-404,-154,-16686,2,20,1,-94,-1151,-16415,15,23,-5,70,-1452,-17264,-2,20,1,16,0,0,0,0
8.37999987602234,-55,122,-17521,0,24,-3,-883,-602,-17282,-10,-5,-11,-400,-164,-16685,-1,31,-8,-23,-1155,-16327,11,19,-4,113,-1469,-17240,-6,-9,-4,10,0,0,0,0
8.39999985694885,-57,119,-17459,0,12,0,-926,-648,-17333,-17,3,-10,-402,-121,-16621,-3,30,0,-37,-1128,-16357,4,26,-5,99,-1458,-17298,-3,-6,0,12,0,0,0,0
8.40999984741211,-56,79,-17487,-5,24,-10,-969,-665,-17331,-11,0,-8,-394,-108,-16643,-24,22,1,-100,-1214,-16408,4,17,-6,78,-1423,-17276,-3,9,0,12,0,0,0,0
8.41999983787537,-59,110,-17585,-3,22,-10,-939,-670,-17302,-12,6,-11,-391,-148,-16624,-15,10,6,-54,-1156,-16393,10,32,-14,105,-1433,-17310,-9,14,-18,12,0,0,0,0
8.42999982833862,-37,97,-17528,-11,29,-4,-936,-688,-17302,-5,-2,-3,-394,-189,-16682,-8,22,-5,-20,-1161,-16394,5,26,-1,133,-1449,-17344,-10,-6,1,11,0,0,0,0
8.44000005722046,-47,113,-17575,-4,20,7,-937,-694,-17247,-2,3,-5,-415,-155,-16672,5,24,-1,-52,-1209,-16436,5,18,-6,118,-1438,-17315,0,-4,-18,14,0,0,0,0
8.46000003814697,-49,120,-17589,-6,26,9,-943,-650,-17287,8,-2,-4,-380,-188,-16653,-2,19,-2,-42,-1135,-16386,10,14,2,131,-1421,-17348,-2,13,-8,13,0,0,0,0
8.47000002861023,-73,118,-17489,-7,22,-3,-910,-653,-17315,4,-3,-8,-369,-141,-16656,-4,23,-2,-33,-1187,-16370,8,13,-6,128,-1421,-17296,-12,0,-8,9,0,0,0,0
8.48000001907349,-55,101,-17427,2,24,6,-919,-645,-17341,-7,11,-13,-464,-187,-16653,-11,24,-3,-15,-1143,-16420,6,26,-24,91,-1417,-17263,1,-11,5,12,0,0,0,0
8.49000000953674,-72,123,-17538,0,21,6,-931,-725,-17359,3,5,-6,-416,-140,-16639,5,12,8,-22,-1167,-16378,-12,21,-8,106,-1456,-17325,-10,-1,11,14,0,0,0,0
8.5,-50,69,-17498,-3,34,-6,-896,-644,-17341,-2,-7,-21,-385,-159,-16607,-16,18,-5,-21,-1183,-16379,-2,8,-13,94,-1407,-17269,-8,-4,-1,12,0,0,0,0
8.50999999046326,-44,71,-17511,-3,11,7,-915,-647,-17310,-4,3,-20,-383,-160,-16622,-11,5,7,-17,-1144,-16365,1,20,-1,94,-1397,-17328,-4,1,4,10,0,0,0,0
8.52999997138977,-69,127,-17507,2,29,3,-930,-705,-17322,-3,-3,-15,-387,-114,-16665,-10,7,-5,-14,-1149,-16398,13,16,-11,59,-1403,-17259,1,18,-4,13,0,0,0,0
8.53999996185303,-61,101,-17491,8,23,3,-885,-645,-17262,-7,-2,-1,-371,-157,-16661,0,16,-8,-40,-1218,-16424,3,24,-15,90,-1457,-17364,-4,8,0,13,0,0,0,0
8.54999995231628,-34,103,-17480,6,16,0,-920,-654,-17283,-9,2,-9,-420,-140,-16606,-6,22,-17,-36,-1167,-16386,4,22,-7,70,-1443,-17287,-7,-3,0,12,0,0,0,0
8.55999994277954,-42,112,-17510,-10,13,5,-907,-653,-17293,10,-2,-4,-447,-179,-16650,-6,23,-16,-44,-1174,-16394,11,13,-2,115,-1406,-17231,-5,-10,3,14,0,0,0,0
8.5699999332428,-87,125,-17524,14,20,5,-1004,-698,-17338,-5,0,-8,-382,-139,-16681,-1,26,5,-34,-1168,-16357,1,34,-4,121,-1433,-17305,0,6,0,13,0,0,0,0
8.57999992370605,-46,106,-17531,4,13,0,-938,-683,-17398,-8,-3,-16,-419,-135,-16647,1,21,1,-40,-1178,-16408,11,25,-7,112,-1423,-17329,-6,1,1,11,0,0,0,0
8.59999990463257,-79,112,-17547,-2,20,-1,-900,-674,-17312,-13,-11,-12,-436,-140,-16659,2,26,-3,-61,-1181,-16388,14,15,-14,118,-1453,-17296,-10,6,-6,11,0,0,0,0
8.60999989509583,-51,83,-17508,7,29,-3,-916,-648,-17311,-6,-7,-23,-381,-174,-16595,3,12,3,-21,-1219,-16403,13,15,-8,136,-1433,-17326,5,-10,1,15,0,0,0,0
8.61999988555908,-60,76,-17496,-5,25,5,-916,-648,-17311,-6,-7,-23,-413,-170,-16599,-1,10,-3,-1,-1148,-16412,14,13,-6,115,-1433,-17297,-4,4,-8,12,0,0,0,0
8.62999987602234,-44,86,-17496,-1,31,-6,-941,-678,-17312,1,1,-8,-434,-178,-16615,-10,13,-3,-16,-1177,-16450,9,38,-4,134,-1458,-17356,-9,7,6,11,0,0,0,0
8.64999985694885,-35,93,-17495,8,15,5,-892,-683,-17223,-2,-14,-8,-345,-138,-16499,2,-4,5,-15,-1281,-16356,-2,11,-6,187,-1516,-17328,-27,2,-7,16,0,0,0,0
8.65999984741211,-3,33,-17385,4,-6,15,-908,-722,-17236,-29,-39,8,-365,-183,-16559,-9,-60,25,-189,-1412,-16027,-72,3,-89,1,-1682,-17178,-89,-193,-549,16,0,0,0,0
8.66999983787537,-19,21,-17522,30,-11,30,-852,-646,-17360,3,-79,81,-267,-196,-16650,67,-171,141,-168,-969,-16256,117,174,-235,101,-1406,-17065,77,-260,-811,13,0,0,0,0
8.67999982833862,-103,212,-17374,51,72,155,-821,-586,-17213,-1,-114,237,-425,-257,-16696,105,-373,359,-91,-1231,-15879,17,189,-306,168,-1261,-17361,144,-485,-1099,13,0,0,0,0
8.69000005722046,-17,-46,-17476,48,94,183,-777,-845,-17284,63,-105,353,-185,64,-16620,-28,-232,461,207,-1465,-16286,-129,224,-577,57,-1188,-17268,137,-382,-1426,12,0,0,0,0
8.71000003814697,34,-13,-17461,119,75,133,-920,-584,-17186,111,-108,369,-369,-41,-16643,-67,-163,423,-351,-1137,-16270,503,-238,-581,139,-1486,-17186,73,-262,-1842,16,0,0,0,0
8.72000002861023,-133,150,-17404,207,52,121,-1064,-705,-17248,302,-222,774,-775,-338,-16744,-130,-75,655,-180,-808,-16479,192,169,-693,-130,-1372,-16795,285,-153,-1801,16,0,0,0,0
8.74000000953674,-115,152,-17524,300,61,409,-1031,-670,-17312,213,-169,928,-564,-19,-17133,29,-321,782,-96,-1208,-16013,508,-130,-436,26,-1102,-17300,413,-601,-1762,11,0,0,0,0
8.75,37,129,-17614,390,58,549,-877,-752,-17296,276,-106,920,-465,-192,-16757,-128,-90,820,-155,-1167,-16608,436,201,-592,21,-879,-17427,457,-616,-1686,12,0,0,0,0
8.75999999046326,-39,-97,-17487,310,96,388,-983,-680,-17251,164,-57,754,-354,-210,-16827,-26,-163,533,239,-984,-16556,340,120,-456,163,-991,-17505,334,-135,-1431,13,0,0,0,0
8.77999997138977,-29,-19,-17515,269,61,240,-963,-800,-17368,152,-47,610,-253,-178,-16815,-8,-190,217,90,-1007,-16537,6,237,-527,12,-978,-17306,193,34,-1208,16,0,0,0,0
8.78999996185303,-30,97,-17582,295,68,240,-1041,-806,-17376,117,-40,499,-583,-386,-16602,-37,-133,292,186,-1081,-16597,114,-31,-455,250,-860,-17542,199,-192,-866,16,0,0,0,0
8.79999995231628,15,32,-17606,134,106,134,-895,-864,-17363,28,7,216,-379,-368,-16782,-45,-81,230,169,-918,-16766,-88,72,-294,35,-813,-17499,59,-212,-539,13,0,0,0,0
8.8199999332428,1,16,-17631,44,71,82,-853,-828,-17425,43,-10,147,-491,-319,-16811,-14,-173,141,45,-1177,-16378,4,-120,-10,116,-1066,-17238,-17,24,-237,13,0,0,0,0
8.82999992370605,13,56,-17549,50,56,40,-1014,-880,-17258,52,-34,147,-726,-434,-16559,-10,-185,73,-40,-998,-16550,-58,151,-11,97,-1119,-17328,-32,21,-218,15,0,0,0,0
8.83999991416931,-62,31,-17561,41,47,23,-963,-836,-17257,4,-17,45,-529,-299,-16769,-15,-48,33,40,-931,-16416,-215,150,-165,109,-1058,-17573,-28,-176,-128,15,0,0,0,0
8.84999990463257,32,3,-17469,31,44,27,-870,-830,-17239,-5,-16,-35,-344,-347,-16683,-14,77,-61,-10,-971,-16631,16,40,-169,-30,-931,-17467,-67,-81,-69,13,0,0,0,0
8.86999988555908,-65,-2,-17576,-5,-11,-15,-860,-837,-17454,-22,20,-37,-271,-286,-16754,-18,-29,34,91,-1109,-16496,74,-129,35,45,-1138,-17202,-75,201,107,13,0,0,0,0
8.87999987602234,-40,59,-17604,-23,-30,-19,-916,-853,-17368,-12,9,11,-385,-359,-16719,12,-159,112,44,-1138,-15975,-61,-29,94,59,-1181,-17178,118,176,182,14,0,0,0,0
8.8899998664856,-30,60,-17556,-2,45,20,-902,-744,-17316,11,-3,46,-557,-257,-16702,-152,162,146,14,-918,-16334,188,105,57,-25,-1022,-17382,168,-78,0,15,0,0,0,0
8.89999985694885,69,-23,-17473,-5,47,18,-894,-938,-17244,-1,-36,10,-456,-382,-16522,14,52,-39,-28,-1224,-16832,195,173,-183,114,-891,-17626,16,-42,-25,13,0,0,0,0
8.91999983787537,-52,73,-17560,-16,-30,-41,-879,-843,-17339,-16,-5,-55,-316,-221,-16835,-3,-48,75,-12,-909,-15939,-30,-19,-20,-185,-1245,-16940,-69,221,53,12,0,0,0,0
8.92999982833862,-89,143,-17521,14,-3,-14,-1017,-777,-17294,10,-22,52,-513,-263,-16685,11,-122,58,-93,-790,-16328,11,-12,70,-128,-991,-17273,94,61,31,15,0,0,0,0
8.94000005722046,20,-18,-17534,11,47,25,-964,-890,-17285,9,-18,42,-472,-347,-16505,-22,27,0,-44,-1149,-16629,-9,110,-165,279,-1072,-17592,-2,-221,-96,15,0,0,0,0
8.95000004768372,-15,41,-17534,-5,32,21,-956,-796,-17396,-18,-20,-21,-347,-251,-16743,-26,59,-43,125,-1167,-16430,-76,58,-169,47,-996,-17374,-66,-129,-98,14,0,0,0,0
8.97000002861023,-13,-89,-17588,0,3,-10,-880,-994,-17320,-7,-7,-25,-148,-316,-16787,-10,-27,46,-19,-1013,-16594,-55,21,-81,21,-829,-17530,-150,204,-33,11,0,0,0,0
8.98000001907349,-33,16,-17672,12,-6,-19,-946,-737,-17434,2,-12,8,-395,-204,-16940,-1,-145,95,-72,-1038,-16040,-179,-48,28,-66,-1186,-17166,-107,68,9,15,0,0,0,0
8.99000000953674,-50,134,-17609,18,68,46,-963,-744,-17296,71,-74,233,-395,-204,-16940,-1,-145,95,-224,-1100,-16612,60,-33,-74,-12,-949,-17317,25,-164,-60,14,0,0,0,0
9.00999999046326,-29,-11,-17479,-11,40,22,-975,-821,-17376,3,-25,51,-516,-341,-16871,-7,-41,57,250,-1016,-16926,83,73,-277,387,-650,-17766,-93,-6,37,14,0,0,0,0
9.01999998092651,71,-95,-17460,-25,-8,13,-943,-969,-17295,-10,24,-33,-125,-343,-16661,-25,-64,41,112,-1100,-16292,-199,-142,-215,-168,-984,-17205,-126,270,81,12,0,0,0,0
9.02999997138977,-104,92,-17581,-19,-17,-29,-923,-718,-17425,-2,13,-4,-677,2,-17091,-21,-160,33,0,-857,-15920,-171,-185,34,-168,-1157,-17321,81,181,211,14,0,0,0,0
9.03999996185303,43,19,-17465,19,52,-4,-918,-949,-17279,26,-18,202,-385,-354,-16837,-22,-183,130,-96,-1041,-16437,-160,109,-88,-29,-1008,-17528,304,15,179,15,0,0,0,0
9.05999994277954,-15,44,-17577,-17,59,73,-1037,-866,-17318,20,-62,224,-532,-387,-16668,-53,-143,129,85,-1112,-16650,48,94,-138,277,-1026,-17748,-28,-42,-44,13,0,0,0,0
9.0699999332428,25,-69,-17466,-28,27,33,-908,-1037,-17315,-20,-6,5,-431,-446,-16616,-21,-118,33,59,-1343,-16550,-95,-20,-121,219,-1011,-17593,-148,279,30,13,0,0,0,0
9.07999992370605,-112,63,-17565,-27,-13,-36,-943,-847,-17445,-13,23,-27,-417,-309,-16929,-31,-147,20,105,-720,-16063,-73,-168,157,-203,-984,-17227,-63,300,69,14,0,0,0,0
9.08999991416931,8,97,-17558,37,14,-12,-871,-1001,-17213,25,-27,151,-447,-441,-16562,-25,-100,144,45,-884,-16359,7,76,56,-28,-933,-17446,-51,-38,-34,14,0,0,0,0
9.10999989509583,-39,79,-17595,-24,50,69,-894,-769,-17371,-17,-33,114,-314,-306,-17066,-73,3,193,98,-1242,-16371,-132,151,-176,147,-1057,-17540,-145,-131,-84,16,0,0,0,0
9.11999988555908,-14,-63,-17518,-16,17,28,-870,-935,-17434,-13,-13,118,-404,-427,-16736,-38,-147,134,39,-827,-16285,-60,-14,79,-82,-1098,-17202,-242,231,96,12,0,0,0,0
9.12999987602234,-40,41,-17549,11,1,6,-935,-855,-17494,-7,18,111,-511,-313,-16758,-22,-218,134,-150,-713,-15905,111,-148,308,54,-952,-17401,-56,181,117,12,0,0,0,0
9.14999985694885,-88,80,-17434,6,41,50,-927,-810,-17289,11,-21,96,-456,-321,-16767,-12,-165,70,95,-898,-16289,-9,13,110,140,-1063,-17366,-8,-203,-38,15,0,0,0,0
9.15999984741211,-71,-34,-17472,33,13,91,-765,-901,-17270,9,-35,82,-418,-452,-16687,6,-56,117,50,-1056,-16569,54,102,-90,25,-1228,-17103,-95,-66,-86,14,0,0,0,0
9.16999983787537,-62,3,-17508,0,12,42,-924,-907,-17412,-2,-6,47,-381,-334,-16870,10,-146,62,-20,-1019,-16543,140,100,-28,67,-956,-17417,-99,289,2,11,0,0,0,0
9.17999982833862,-14,-3,-17534,5,12,12,-677,-889,-17486,17,-12,89,-543,-441,-16535,-54,-72,243,-95,-952,-16152,11,-53,81,-75,-1037,-17400,-77,197,30,12,0,0,0,0
9.19000005722046,-81,38,-17546,-1,39,34,-924,-822,-17303,15,-30,157,-459,-388,-16712,-3,-113,159,-64,-1085,-16176,-53,-75,66,-71,-1176,-17133,120,-125,22,15,0,0,0,0
9.21000003814697,36,-9,-17544,14,52,83,-921,-896,-17307,40,-38,212,-444,-396,-16653,-21,-54,151,104,-953,-16681,165,46,-9,129,-973,-17487,37,-127,-74,15,0,0,0,0
9.22000002861023,-19,-76,-17525,-11,26,46,-912,-917,-17318,9,-14,59,-467,-384,-16738,-15,-55,74,161,-954,-16685,152,93,-215,253,-802,-17328,-339,77,-116,12,0,0,0,0
9.23000001907349,8,-11,-17572,-16,-26,-21,-909,-948,-17412,-23,19,30,-199,-291,-16834,-36,-34,138,-10,-1005,-16015,-161,-123,-37,-240,-1249,-16884,-238,187,30,11,0,0,0,0
